ID TIME n private balances connectivity
13 1787111057.794 0 {} {} {'enode://1@127.0.0.1:1234': 0, 'enode://2@127.0.0.1:1235': 0, 'enode://3@127.0.0.1:1236': 0, 'enode://4@127.0.0.1:1237': 0, 'enode://5@127.0.0.1:1238': 0, 'enode://6@127.0.0.1:1239': 0, 'enode://7@127.0.0.1:1240': 0, 'enode://8@127.0.0.1:1241': 0, 'enode://9@127.0.0.1:1242': 0, 'enode://10@127.0.0.1:1243': 0, 'enode://11@127.0.0.1:1244': 0, 'enode://12@127.0.0.1:1245': 0, 'enode://13@127.0.0.1:1246': 0, 'enode://14@127.0.0.1:1247': 0, 'enode://15@127.0.0.1:1248': 0, 'enode://16@127.0.0.1:1249': 0, 'enode://17@127.0.0.1:1250': 0, 'enode://18@127.0.0.1:1251': 0, 'enode://19@127.0.0.1:1252': 0, 'enode://20@127.0.0.1:1253': 0}
13 1787111057.794 0 None {} {'enode://1@127.0.0.1:1234': 0, 'enode://2@127.0.0.1:1235': 0, 'enode://3@127.0.0.1:1236': 0, 'enode://4@127.0.0.1:1237': 0, 'enode://5@127.0.0.1:1238': 0, 'enode://6@127.0.0.1:1239': 0, 'enode://7@127.0.0.1:1240': 0, 'enode://8@127.0.0.1:1241': 0, 'enode://9@127.0.0.1:1242': 0, 'enode://10@127.0.0.1:1243': 0, 'enode://11@127.0.0.1:1244': 0, 'enode://12@127.0.0.1:1245': 0, 'enode://13@127.0.0.1:1246': 0, 'enode://14@127.0.0.1:1247': 0, 'enode://15@127.0.0.1:1248': 0, 'enode://16@127.0.0.1:1249': 0, 'enode://17@127.0.0.1:1250': 0, 'enode://18@127.0.0.1:1251': -10, 'enode://19@127.0.0.1:1252': 0, 'enode://20@127.0.0.1:1253': 0}
13 1787111057.794 61 None {'14': 0, '0': 0, '9': 0, '18': 0, '13': 0, '5': 0, '4': 0, '8': 0, '10': 0, '15': 0, '16': 0} {'enode://1@127.0.0.1:1234': 0, 'enode://2@127.0.0.1:1235': 0, 'enode://3@127.0.0.1:1236': 0, 'enode://4@127.0.0.1:1237': 0, 'enode://5@127.0.0.1:1238': 0, 'enode://6@127.0.0.1:1239': 0, 'enode://7@127.0.0.1:1240': 0, 'enode://8@127.0.0.1:1241': 0, 'enode://9@127.0.0.1:1242': 0, 'enode://10@127.0.0.1:1243': 0, 'enode://11@127.0.0.1:1244': 0, 'enode://12@127.0.0.1:1245': 0, 'enode://13@127.0.0.1:1246': 0, 'enode://14@127.0.0.1:1247': -10, 'enode://15@127.0.0.1:1248': 0, 'enode://16@127.0.0.1:1249': 0, 'enode://17@127.0.0.1:1250': 0, 'enode://18@127.0.0.1:1251': -9, 'enode://19@127.0.0.1:1252': 0, 'enode://20@127.0.0.1:1253': 0}
13 1787111057.794 171 None {'14': 60, '0': 0, '9': 0, '18': 0, '13': 0, '5': 0, '4': 0, '8': 0, '10': 0, '15': 0, '16': 0, '7': 0, '17': 0, '20': 0, '6': 0, '12': 0, '11': 0, '3': 0, '2': 0, '19': 0, '1': 0} {'enode://1@127.0.0.1:1234': 0, 'enode://2@127.0.0.1:1235': 0, 'enode://3@127.0.0.1:1236': 0, 'enode://4@127.0.0.1:1237': 0, 'enode://5@127.0.0.1:1238': 0, 'enode://6@127.0.0.1:1239': 0, 'enode://7@127.0.0.1:1240': 0, 'enode://8@127.0.0.1:1241': 0, 'enode://9@127.0.0.1:1242': 0, 'enode://10@127.0.0.1:1243': 0, 'enode://11@127.0.0.1:1244': 0, 'enode://12@127.0.0.1:1245': 0, 'enode://13@127.0.0.1:1246': -10, 'enode://14@127.0.0.1:1247': -9, 'enode://15@127.0.0.1:1248': 0, 'enode://16@127.0.0.1:1249': 0, 'enode://17@127.0.0.1:1250': 0, 'enode://18@127.0.0.1:1251': -8, 'enode://19@127.0.0.1:1252': 0, 'enode://20@127.0.0.1:1253': 0}
13 1787111057.794 193 None {'14': 60, '0': 0, '9': 0, '18': 0, '13': 109, '5': 0, '4': 0, '8': 0, '10': 0, '15': 0, '16': 0, '7': 0, '17': 0, '20': 0, '6': 0, '12': 0, '11': 0, '3': 0, '2': 0, '19': 0, '1': 0} {'enode://1@127.0.0.1:1234': 0, 'enode://2@127.0.0.1:1235': 0, 'enode://3@127.0.0.1:1236': 0, 'enode://4@127.0.0.1:1237': 0, 'enode://5@127.0.0.1:1238': 0, 'enode://6@127.0.0.1:1239': 0, 'enode://7@127.0.0.1:1240': 0, 'enode://8@127.0.0.1:1241': 0, 'enode://9@127.0.0.1:1242': 0, 'enode://10@127.0.0.1:1243': 0, 'enode://11@127.0.0.1:1244': 0, 'enode://12@127.0.0.1:1245': 0, 'enode://13@127.0.0.1:1246': -9, 'enode://14@127.0.0.1:1247': -8, 'enode://15@127.0.0.1:1248': -10, 'enode://16@127.0.0.1:1249': 0, 'enode://17@127.0.0.1:1250': 0, 'enode://18@127.0.0.1:1251': -7, 'enode://19@127.0.0.1:1252': 0, 'enode://20@127.0.0.1:1253': 0}
13 1787111057.795 217 None {'14': 60, '0': 0, '9': 0, '18': 0, '13': 109, '5': 0, '4': 0, '8': 0, '10': 0, '15': 21, '16': 0, '7': 0, '17': 0, '20': 0, '6': 0, '12': 0, '11': 0, '3': 0, '2': 0, '19': 0, '1': 0} {'enode://1@127.0.0.1:1234': 0, 'enode://2@127.0.0.1:1235': 0, 'enode://3@127.0.0.1:1236': 0, 'enode://4@127.0.0.1:1237': 0, 'enode://5@127.0.0.1:1238': 0, 'enode://6@127.0.0.1:1239': 0, 'enode://7@127.0.0.1:1240': 0, 'enode://8@127.0.0.1:1241': -10, 'enode://9@127.0.0.1:1242': 0, 'enode://10@127.0.0.1:1243': 0, 'enode://11@127.0.0.1:1244': 0, 'enode://12@127.0.0.1:1245': 0, 'enode://13@127.0.0.1:1246': -8, 'enode://14@127.0.0.1:1247': -7, 'enode://15@127.0.0.1:1248': -9, 'enode://16@127.0.0.1:1249': 0, 'enode://17@127.0.0.1:1250': 0, 'enode://18@127.0.0.1:1251': -6, 'enode://19@127.0.0.1:1252': 0, 'enode://20@127.0.0.1:1253': 0}
13 1787111057.795 228 None {'14': 60, '0': 0, '9': 0, '18': 0, '13': 109, '5': 0, '4': 0, '8': 23, '10': 0, '15': 21, '16': 0, '7': 0, '17': 0, '20': 0, '6': 0, '12': 0, '11': 0, '3': 0, '2': 0, '19': 0, '1': 0} {'enode://1@127.0.0.1:1234': 0, 'enode://2@127.0.0.1:1235': 0, 'enode://3@127.0.0.1:1236': 0, 'enode://4@127.0.0.1:1237': 0, 'enode://5@127.0.0.1:1238': 0, 'enode://6@127.0.0.1:1239': 0, 'enode://7@127.0.0.1:1240': 0, 'enode://8@127.0.0.1:1241': -9, 'enode://9@127.0.0.1:1242': -10, 'enode://10@127.0.0.1:1243': 0, 'enode://11@127.0.0.1:1244': 0, 'enode://12@127.0.0.1:1245': 0, 'enode://13@127.0.0.1:1246': -7, 'enode://14@127.0.0.1:1247': -6, 'enode://15@127.0.0.1:1248': -8, 'enode://16@127.0.0.1:1249': 0, 'enode://17@127.0.0.1:1250': 0, 'enode://18@127.0.0.1:1251': -5, 'enode://19@127.0.0.1:1252': 0, 'enode://20@127.0.0.1:1253': 0}
13 1787111057.795 341 None {'14': 60, '0': 0, '9': 10, '18': 0, '13': 109, '5': 0, '4': 0, '8': 23, '10': 0, '15': 21, '16': 0, '7': 0, '17': 0, '20': 0, '6': 0, '12': 0, '11': 0, '3': 0, '2': 0, '19': 0, '1': 0} {'enode://1@127.0.0.1:1234': -10, 'enode://2@127.0.0.1:1235': 0, 'enode://3@127.0.0.1:1236': 0, 'enode://4@127.0.0.1:1237': 0, 'enode://5@127.0.0.1:1238': 0, 'enode://6@127.0.0.1:1239': 0, 'enode://7@127.0.0.1:1240': 0, 'enode://8@127.0.0.1:1241': -8, 'enode://9@127.0.0.1:1242': -9, 'enode://10@127.0.0.1:1243': 0, 'enode://11@127.0.0.1:1244': 0, 'enode://12@127.0.0.1:1245': 0, 'enode://13@127.0.0.1:1246': -6, 'enode://14@127.0.0.1:1247': -5, 'enode://15@127.0.0.1:1248': -7, 'enode://16@127.0.0.1:1249': 0, 'enode://17@127.0.0.1:1250': 0, 'enode://18@127.0.0.1:1251': -4, 'enode://19@127.0.0.1:1252': 0, 'enode://20@127.0.0.1:1253': 0}
13 1787111057.795 345 None {'14': 60, '0': 0, '9': 10, '18': 0, '13': 109, '5': 0, '4': 0, '8': 23, '10': 0, '15': 21, '16': 0, '7': 0, '17': 0, '20': 0, '6': 0, '12': 0, '11': 0, '3': 0, '2': 0, '19': 0, '1': 112} {'enode://1@127.0.0.1:1234': -9, 'enode://2@127.0.0.1:1235': 0, 'enode://3@127.0.0.1:1236': 0, 'enode://4@127.0.0.1:1237': -10, 'enode://5@127.0.0.1:1238': 0, 'enode://6@127.0.0.1:1239': 0, 'enode://7@127.0.0.1:1240': 0, 'enode://8@127.0.0.1:1241': -7, 'enode://9@127.0.0.1:1242': -8, 'enode://10@127.0.0.1:1243': 0, 'enode://11@127.0.0.1:1244': 0, 'enode://12@127.0.0.1:1245': 0, 'enode://13@127.0.0.1:1246': -5, 'enode://14@127.0.0.1:1247': -4, 'enode://15@127.0.0.1:1248': -6, 'enode://16@127.0.0.1:1249': 0, 'enode://17@127.0.0.1:1250': 0, 'enode://18@127.0.0.1:1251': -3, 'enode://19@127.0.0.1:1252': 0, 'enode://20@127.0.0.1:1253': 0}
13 1787111057.795 469 None {'14': 60, '0': 0, '9': 10, '18': 0, '13': 109, '5': 0, '4': 3, '8': 23, '10': 0, '15': 21, '16': 0, '7': 0, '17': 0, '20': 0, '6': 0, '12': 0, '11': 0, '3': 0, '2': 0, '19': 0, '1': 112} {'enode://1@127.0.0.1:1234': -8, 'enode://2@127.0.0.1:1235': 0, 'enode://3@127.0.0.1:1236': 0, 'enode://4@127.0.0.1:1237': -9, 'enode://5@127.0.0.1:1238': 0, 'enode://6@127.0.0.1:1239': 0, 'enode://7@127.0.0.1:1240': 0, 'enode://8@127.0.0.1:1241': -6, 'enode://9@127.0.0.1:1242': -7, 'enode://10@127.0.0.1:1243': 0, 'enode://11@127.0.0.1:1244': -10, 'enode://12@127.0.0.1:1245': 0, 'enode://13@127.0.0.1:1246': -4, 'enode://14@127.0.0.1:1247': -3, 'enode://15@127.0.0.1:1248': -5, 'enode://16@127.0.0.1:1249': 0, 'enode://17@127.0.0.1:1250': 0, 'enode://18@127.0.0.1:1251': -2, 'enode://19@127.0.0.1:1252': 0, 'enode://20@127.0.0.1:1253': 0}
13 1787111057.795 482 None {'14': 60, '0': 0, '9': 10, '18': 0, '13': 109, '5': 0, '4': 3, '8': 23, '10': 0, '15': 21, '16': 0, '7': 0, '17': 0, '20': 0, '6': 0, '12': 0, '11': 123, '3': 0, '2': 0, '19': 0, '1': 112} {'enode://1@127.0.0.1:1234': -7, 'enode://2@127.0.0.1:1235': 0, 'enode://3@127.0.0.1:1236': 0, 'enode://4@127.0.0.1:1237': -8, 'enode://5@127.0.0.1:1238': 0, 'enode://6@127.0.0.1:1239': -10, 'enode://7@127.0.0.1:1240': 0, 'enode://8@127.0.0.1:1241': -5, 'enode://9@127.0.0.1:1242': -6, 'enode://10@127.0.0.1:1243': 0, 'enode://11@127.0.0.1:1244': -9, 'enode://12@127.0.0.1:1245': 0, 'enode://13@127.0.0.1:1246': -3, 'enode://14@127.0.0.1:1247': -2, 'enode://15@127.0.0.1:1248': -4, 'enode://16@127.0.0.1:1249': 0, 'enode://17@127.0.0.1:1250': 0, 'enode://18@127.0.0.1:1251': -1, 'enode://19@127.0.0.1:1252': 0, 'enode://20@127.0.0.1:1253': 0}
13 1787111057.795 620 None {'14': 60, '0': 0, '9': 10, '18': 0, '13': 109, '5': 0, '4': 3, '8': 23, '10': 0, '15': 21, '16': 0, '7': 0, '17': 0, '20': 0, '6': 12, '12': 0, '11': 123, '3': 0, '2': 0, '19': 0, '1': 112} {'enode://1@127.0.0.1:1234': -6, 'enode://2@127.0.0.1:1235': 0, 'enode://3@127.0.0.1:1236': 0, 'enode://4@127.0.0.1:1237': -7, 'enode://5@127.0.0.1:1238': 0, 'enode://6@127.0.0.1:1239': -9, 'enode://7@127.0.0.1:1240': 0, 'enode://8@127.0.0.1:1241': -4, 'enode://9@127.0.0.1:1242': -5, 'enode://10@127.0.0.1:1243': 0, 'enode://11@127.0.0.1:1244': -8, 'enode://12@127.0.0.1:1245': -10, 'enode://13@127.0.0.1:1246': -2, 'enode://14@127.0.0.1:1247': -1, 'enode://15@127.0.0.1:1248': -3, 'enode://16@127.0.0.1:1249': 0, 'enode://17@127.0.0.1:1250': 0, 'enode://18@127.0.0.1:1251': 0, 'enode://19@127.0.0.1:1252': 0, 'enode://20@127.0.0.1:1253': 0}
13 1787111057.795 633 None {'14': 60, '0': 0, '9': 10, '18': 0, '13': 109, '5': 0, '4': 3, '8': 23, '10': 0, '15': 21, '16': 0, '7': 0, '17': 0, '20': 0, '6': 12, '12': 137, '11': 123, '3': 0, '2': 0, '19': 0, '1': 112} {'enode://1@127.0.0.1:1234': -5, 'enode://2@127.0.0.1:1235': 0, 'enode://3@127.0.0.1:1236': 0, 'enode://4@127.0.0.1:1237': -6, 'enode://5@127.0.0.1:1238': 0, 'enode://6@127.0.0.1:1239': -8, 'enode://7@127.0.0.1:1240': 0, 'enode://8@127.0.0.1:1241': -3, 'enode://9@127.0.0.1:1242': -4, 'enode://10@127.0.0.1:1243': 0, 'enode://11@127.0.0.1:1244': -7, 'enode://12@127.0.0.1:1245': -9, 'enode://13@127.0.0.1:1246': -1, 'enode://14@127.0.0.1:1247': 0, 'enode://15@127.0.0.1:1248': -2, 'enode://16@127.0.0.1:1249': 0, 'enode://17@127.0.0.1:1250': -10, 'enode://18@127.0.0.1:1251': 0, 'enode://19@127.0.0.1:1252': 0, 'enode://20@127.0.0.1:1253': 0}
13 1787111057.795 693 None {'14': 60, '0': 0, '9': 10, '18': 0, '13': 109, '5': 0, '4': 3, '8': 23, '10': 0, '15': 21, '16': 0, '7': 0, '17': 12, '20': 0, '6': 12, '12': 137, '11': 123, '3': 0, '2': 0, '19': 0, '1': 112} {'enode://1@127.0.0.1:1234': -4, 'enode://2@127.0.0.1:1235': 0, 'enode://3@127.0.0.1:1236': 0, 'enode://4@127.0.0.1:1237': -5, 'enode://5@127.0.0.1:1238': 0, 'enode://6@127.0.0.1:1239': -7, 'enode://7@127.0.0.1:1240': 0, 'enode://8@127.0.0.1:1241': -2, 'enode://9@127.0.0.1:1242': -3, 'enode://10@127.0.0.1:1243': 0, 'enode://11@127.0.0.1:1244': -6, 'enode://12@127.0.0.1:1245': -8, 'enode://13@127.0.0.1:1246': 0, 'enode://14@127.0.0.1:1247': 0, 'enode://15@127.0.0.1:1248': -1, 'enode://16@127.0.0.1:1249': 0, 'enode://17@127.0.0.1:1250': -9, 'enode://18@127.0.0.1:1251': 0, 'enode://19@127.0.0.1:1252': 0, 'enode://20@127.0.0.1:1253': -10}
13 1787111057.795 848 None {'14': 60, '0': 0, '9': 10, '18': 0, '13': 109, '5': 0, '4': 3, '8': 23, '10': 0, '15': 21, '16': 0, '7': 0, '17': 12, '20': 59, '6': 12, '12': 137, '11': 123, '3': 0, '2': 0, '19': 0, '1': 112} {'enode://1@127.0.0.1:1234': -3, 'enode://2@127.0.0.1:1235': 0, 'enode://3@127.0.0.1:1236': 0, 'enode://4@127.0.0.1:1237': -4, 'enode://5@127.0.0.1:1238': 0, 'enode://6@127.0.0.1:1239': -6, 'enode://7@127.0.0.1:1240': 0, 'enode://8@127.0.0.1:1241': -1, 'enode://9@127.0.0.1:1242': -2, 'enode://10@127.0.0.1:1243': 0, 'enode://11@127.0.0.1:1244': -5, 'enode://12@127.0.0.1:1245': -7, 'enode://13@127.0.0.1:1246': 0, 'enode://14@127.0.0.1:1247': 0, 'enode://15@127.0.0.1:1248': 0, 'enode://16@127.0.0.1:1249': -10, 'enode://17@127.0.0.1:1250': -8, 'enode://18@127.0.0.1:1251': 0, 'enode://19@127.0.0.1:1252': 0, 'enode://20@127.0.0.1:1253': -9}
13 1787111057.795 950 None {'14': 60, '0': 0, '9': 10, '18': 0, '13': 109, '5': 0, '4': 3, '8': 23, '10': 0, '15': 21, '16': 154, '7': 0, '17': 12, '20': 59, '6': 12, '12': 137, '11': 123, '3': 0, '2': 0, '19': 0, '1': 112} {'enode://1@127.0.0.1:1234': -2, 'enode://2@127.0.0.1:1235': 0, 'enode://3@127.0.0.1:1236': 0, 'enode://4@127.0.0.1:1237': -3, 'enode://5@127.0.0.1:1238': 0, 'enode://6@127.0.0.1:1239': -5, 'enode://7@127.0.0.1:1240': 0, 'enode://8@127.0.0.1:1241': 0, 'enode://9@127.0.0.1:1242': -1, 'enode://10@127.0.0.1:1243': 0, 'enode://11@127.0.0.1:1244': -4, 'enode://12@127.0.0.1:1245': -6, 'enode://13@127.0.0.1:1246': 0, 'enode://14@127.0.0.1:1247': 0, 'enode://15@127.0.0.1:1248': 0, 'enode://16@127.0.0.1:1249': -9, 'enode://17@127.0.0.1:1250': -7, 'enode://18@127.0.0.1:1251': 0, 'enode://19@127.0.0.1:1252': -10, 'enode://20@127.0.0.1:1253': -8}
13 1787111057.795 1028 None {'14': 60, '0': 0, '9': 10, '18': 0, '13': 109, '5': 0, '4': 3, '8': 23, '10': 0, '15': 21, '16': 154, '7': 0, '17': 12, '20': 59, '6': 12, '12': 137, '11': 123, '3': 0, '2': 0, '19': 101, '1': 112} {'enode://1@127.0.0.1:1234': -1, 'enode://2@127.0.0.1:1235': 0, 'enode://3@127.0.0.1:1236': 0, 'enode://4@127.0.0.1:1237': -2, 'enode://5@127.0.0.1:1238': 0, 'enode://6@127.0.0.1:1239': -4, 'enode://7@127.0.0.1:1240': 0, 'enode://8@127.0.0.1:1241': 0, 'enode://9@127.0.0.1:1242': 0, 'enode://10@127.0.0.1:1243': 0, 'enode://11@127.0.0.1:1244': -3, 'enode://12@127.0.0.1:1245': -5, 'enode://13@127.0.0.1:1246': -10, 'enode://14@127.0.0.1:1247': 0, 'enode://15@127.0.0.1:1248': 0, 'enode://16@127.0.0.1:1249': -8, 'enode://17@127.0.0.1:1250': -6, 'enode://18@127.0.0.1:1251': 0, 'enode://19@127.0.0.1:1252': -9, 'enode://20@127.0.0.1:1253': -7}
13 1787111057.795 1140 None {'14': 60, '0': 0, '9': 10, '18': 0, '13': 186, '5': 0, '4': 3, '8': 23, '10': 0, '15': 21, '16': 154, '7': 0, '17': 12, '20': 59, '6': 12, '12': 137, '11': 123, '3': 0, '2': 0, '19': 101, '1': 112} {'enode://1@127.0.0.1:1234': 0, 'enode://2@127.0.0.1:1235': 0, 'enode://3@127.0.0.1:1236': 0, 'enode://4@127.0.0.1:1237': -1, 'enode://5@127.0.0.1:1238': 0, 'enode://6@127.0.0.1:1239': -3, 'enode://7@127.0.0.1:1240': 0, 'enode://8@127.0.0.1:1241': -10, 'enode://9@127.0.0.1:1242': 0, 'enode://10@127.0.0.1:1243': 0, 'enode://11@127.0.0.1:1244': -2, 'enode://12@127.0.0.1:1245': -4, 'enode://13@127.0.0.1:1246': -9, 'enode://14@127.0.0.1:1247': 0, 'enode://15@127.0.0.1:1248': 0, 'enode://16@127.0.0.1:1249': -7, 'enode://17@127.0.0.1:1250': -5, 'enode://18@127.0.0.1:1251': 0, 'enode://19@127.0.0.1:1252': -8, 'enode://20@127.0.0.1:1253': -6}
13 1787111057.796 1265 None {'14': 60, '0': 0, '9': 10, '18': 0, '13': 186, '5': 0, '4': 3, '8': 134, '10': 0, '15': 21, '16': 154, '7': 0, '17': 12, '20': 59, '6': 12, '12': 137, '11': 123, '3': 0, '2': 0, '19': 101, '1': 112} {'enode://1@127.0.0.1:1234': 0, 'enode://2@127.0.0.1:1235': 0, 'enode://3@127.0.0.1:1236': -10, 'enode://4@127.0.0.1:1237': 0, 'enode://5@127.0.0.1:1238': 0, 'enode://6@127.0.0.1:1239': -2, 'enode://7@127.0.0.1:1240': 0, 'enode://8@127.0.0.1:1241': -9, 'enode://9@127.0.0.1:1242': 0, 'enode://10@127.0.0.1:1243': 0, 'enode://11@127.0.0.1:1244': -1, 'enode://12@127.0.0.1:1245': -3, 'enode://13@127.0.0.1:1246': -8, 'enode://14@127.0.0.1:1247': 0, 'enode://15@127.0.0.1:1248': 0, 'enode://16@127.0.0.1:1249': -6, 'enode://17@127.0.0.1:1250': -4, 'enode://18@127.0.0.1:1251': 0, 'enode://19@127.0.0.1:1252': -7, 'enode://20@127.0.0.1:1253': -5}
13 1787111057.796 1314 None {'14': 60, '0': 0, '9': 10, '18': 0, '13': 186, '5': 0, '4': 3, '8': 134, '10': 0, '15': 21, '16': 154, '7': 0, '17': 12, '20': 59, '6': 12, '12': 137, '11': 123, '3': 124, '2': 0, '19': 101, '1': 112} {'enode://1@127.0.0.1:1234': -10, 'enode://2@127.0.0.1:1235': 0, 'enode://3@127.0.0.1:1236': -9, 'enode://4@127.0.0.1:1237': 0, 'enode://5@127.0.0.1:1238': 0, 'enode://6@127.0.0.1:1239': -1, 'enode://7@127.0.0.1:1240': 0, 'enode://8@127.0.0.1:1241': -8, 'enode://9@127.0.0.1:1242': 0, 'enode://10@127.0.0.1:1243': 0, 'enode://11@127.0.0.1:1244': 0, 'enode://12@127.0.0.1:1245': -2, 'enode://13@127.0.0.1:1246': -7, 'enode://14@127.0.0.1:1247': 0, 'enode://15@127.0.0.1:1248': 0, 'enode://16@127.0.0.1:1249': -5, 'enode://17@127.0.0.1:1250': -3, 'enode://18@127.0.0.1:1251': 0, 'enode://19@127.0.0.1:1252': -6, 'enode://20@127.0.0.1:1253': -4}
13 1787111057.796 1413 None {'14': 60, '0': 0, '9': 10, '18': 0, '13': 186, '5': 0, '4': 3, '8': 134, '10': 0, '15': 21, '16': 154, '7': 0, '17': 12, '20': 59, '6': 12, '12': 137, '11': 123, '3': 124, '2': 0, '19': 101, '1': 160} {'enode://1@127.0.0.1:1234': -9, 'enode://2@127.0.0.1:1235': 0, 'enode://3@127.0.0.1:1236': -8, 'enode://4@127.0.0.1:1237': 0, 'enode://5@127.0.0.1:1238': 0, 'enode://6@127.0.0.1:1239': 0, 'enode://7@127.0.0.1:1240': -10, 'enode://8@127.0.0.1:1241': -7, 'enode://9@127.0.0.1:1242': 0, 'enode://10@127.0.0.1:1243': 0, 'enode://11@127.0.0.1:1244': 0, 'enode://12@127.0.0.1:1245': -1, 'enode://13@127.0.0.1:1246': -6, 'enode://14@127.0.0.1:1247': 0, 'enode://15@127.0.0.1:1248': 0, 'enode://16@127.0.0.1:1249': -4, 'enode://17@127.0.0.1:1250': -2, 'enode://18@127.0.0.1:1251': 0, 'enode://19@127.0.0.1:1252': -5, 'enode://20@127.0.0.1:1253': -3}
13 1787111057.796 1516 None {'14': 60, '0': 0, '9': 10, '18': 0, '13': 186, '5': 0, '4': 3, '8': 134, '10': 0, '15': 21, '16': 154, '7': 98, '17': 12, '20': 59, '6': 12, '12': 137, '11': 123, '3': 124, '2': 0, '19': 101, '1': 160} {'enode://1@127.0.0.1:1234': -8, 'enode://2@127.0.0.1:1235': 0, 'enode://3@127.0.0.1:1236': -7, 'enode://4@127.0.0.1:1237': 0, 'enode://5@127.0.0.1:1238': 0, 'enode://6@127.0.0.1:1239': 0, 'enode://7@127.0.0.1:1240': -9, 'enode://8@127.0.0.1:1241': -6, 'enode://9@127.0.0.1:1242': 0, 'enode://10@127.0.0.1:1243': 0, 'enode://11@127.0.0.1:1244': -10, 'enode://12@127.0.0.1:1245': 0, 'enode://13@127.0.0.1:1246': -5, 'enode://14@127.0.0.1:1247': 0, 'enode://15@127.0.0.1:1248': 0, 'enode://16@127.0.0.1:1249': -3, 'enode://17@127.0.0.1:1250': -1, 'enode://18@127.0.0.1:1251': 0, 'enode://19@127.0.0.1:1252': -4, 'enode://20@127.0.0.1:1253': -2}
13 1787111057.796 1555 None {'14': 60, '0': 0, '9': 10, '18': 0, '13': 186, '5': 0, '4': 3, '8': 134, '10': 0, '15': 21, '16': 154, '7': 98, '17': 12, '20': 59, '6': 12, '12': 137, '11': 225, '3': 124, '2': 0, '19': 101, '1': 160} {'enode://1@127.0.0.1:1234': -7, 'enode://2@127.0.0.1:1235': 0, 'enode://3@127.0.0.1:1236': -6, 'enode://4@127.0.0.1:1237': 0, 'enode://5@127.0.0.1:1238': 0, 'enode://6@127.0.0.1:1239': 0, 'enode://7@127.0.0.1:1240': -8, 'enode://8@127.0.0.1:1241': -5, 'enode://9@127.0.0.1:1242': 0, 'enode://10@127.0.0.1:1243': 0, 'enode://11@127.0.0.1:1244': -9, 'enode://12@127.0.0.1:1245': -10, 'enode://13@127.0.0.1:1246': -4, 'enode://14@127.0.0.1:1247': 0, 'enode://15@127.0.0.1:1248': 0, 'enode://16@127.0.0.1:1249': -2, 'enode://17@127.0.0.1:1250': 0, 'enode://18@127.0.0.1:1251': 0, 'enode://19@127.0.0.1:1252': -3, 'enode://20@127.0.0.1:1253': -1}
13 1787111057.796 1620 None {'14': 60, '0': 0, '9': 10, '18': 0, '13': 186, '5': 0, '4': 3, '8': 134, '10': 0, '15': 21, '16': 154, '7': 98, '17': 12, '20': 59, '6': 12, '12': 175, '11': 225, '3': 124, '2': 0, '19': 101, '1': 160} {'enode://1@127.0.0.1:1234': -6, 'enode://2@127.0.0.1:1235': 0, 'enode://3@127.0.0.1:1236': -5, 'enode://4@127.0.0.1:1237': 0, 'enode://5@127.0.0.1:1238': 0, 'enode://6@127.0.0.1:1239': -10, 'enode://7@127.0.0.1:1240': -7, 'enode://8@127.0.0.1:1241': -4, 'enode://9@127.0.0.1:1242': 0, 'enode://10@127.0.0.1:1243': 0, 'enode://11@127.0.0.1:1244': -8, 'enode://12@127.0.0.1:1245': -9, 'enode://13@127.0.0.1:1246': -3, 'enode://14@127.0.0.1:1247': 0, 'enode://15@127.0.0.1:1248': 0, 'enode://16@127.0.0.1:1249': -1, 'enode://17@127.0.0.1:1250': 0, 'enode://18@127.0.0.1:1251': 0, 'enode://19@127.0.0.1:1252': -2, 'enode://20@127.0.0.1:1253': 0}
13 1787111057.796 1691 None {'14': 60, '0': 0, '9': 10, '18': 0, '13': 186, '5': 0, '4': 3, '8': 134, '10': 0, '15': 21, '16': 154, '7': 98, '17': 12, '20': 59, '6': 76, '12': 175, '11': 225, '3': 124, '2': 0, '19': 101, '1': 160} {'enode://1@127.0.0.1:1234': -5, 'enode://2@127.0.0.1:1235': 0, 'enode://3@127.0.0.1:1236': -4, 'enode://4@127.0.0.1:1237': 0, 'enode://5@127.0.0.1:1238': 0, 'enode://6@127.0.0.1:1239': -9, 'enode://7@127.0.0.1:1240': -6, 'enode://8@127.0.0.1:1241': -3, 'enode://9@127.0.0.1:1242': 0, 'enode://10@127.0.0.1:1243': 0, 'enode://11@127.0.0.1:1244': -7, 'enode://12@127.0.0.1:1245': -8, 'enode://13@127.0.0.1:1246': -2, 'enode://14@127.0.0.1:1247': 0, 'enode://15@127.0.0.1:1248': -10, 'enode://16@127.0.0.1:1249': 0, 'enode://17@127.0.0.1:1250': 0, 'enode://18@127.0.0.1:1251': 0, 'enode://19@127.0.0.1:1252': -1, 'enode://20@127.0.0.1:1253': 0}
13 1787111057.796 1699 None {'14': 60, '0': 0, '9': 10, '18': 0, '13': 186, '5': 0, '4': 3, '8': 134, '10': 0, '15': 91, '16': 154, '7': 98, '17': 12, '20': 59, '6': 76, '12': 175, '11': 225, '3': 124, '2': 0, '19': 101, '1': 160} {'enode://1@127.0.0.1:1234': -4, 'enode://2@127.0.0.1:1235': 0, 'enode://3@127.0.0.1:1236': -3, 'enode://4@127.0.0.1:1237': 0, 'enode://5@127.0.0.1:1238': 0, 'enode://6@127.0.0.1:1239': -8, 'enode://7@127.0.0.1:1240': -5, 'enode://8@127.0.0.1:1241': -2, 'enode://9@127.0.0.1:1242': 0, 'enode://10@127.0.0.1:1243': 0, 'enode://11@127.0.0.1:1244': -6, 'enode://12@127.0.0.1:1245': -7, 'enode://13@127.0.0.1:1246': -1, 'enode://14@127.0.0.1:1247': 0, 'enode://15@127.0.0.1:1248': -9, 'enode://16@127.0.0.1:1249': -10, 'enode://17@127.0.0.1:1250': 0, 'enode://18@127.0.0.1:1251': 0, 'enode://19@127.0.0.1:1252': 0, 'enode://20@127.0.0.1:1253': 0}
13 1787111057.796 1784 None {'14': 60, '0': 0, '9': 10, '18': 0, '13': 186, '5': 0, '4': 3, '8': 134, '10': 0, '15': 91, '16': 161, '7': 98, '17': 12, '20': 59, '6': 76, '12': 175, '11': 225, '3': 124, '2': 0, '19': 101, '1': 160} {'enode://1@127.0.0.1:1234': -3, 'enode://2@127.0.0.1:1235': 0, 'enode://3@127.0.0.1:1236': -2, 'enode://4@127.0.0.1:1237': 0, 'enode://5@127.0.0.1:1238': 0, 'enode://6@127.0.0.1:1239': -7, 'enode://7@127.0.0.1:1240': -4, 'enode://8@127.0.0.1:1241': -1, 'enode://9@127.0.0.1:1242': 0, 'enode://10@127.0.0.1:1243': 0, 'enode://11@127.0.0.1:1244': -5, 'enode://12@127.0.0.1:1245': -6, 'enode://13@127.0.0.1:1246': 0, 'enode://14@127.0.0.1:1247': 0, 'enode://15@127.0.0.1:1248': -8, 'enode://16@127.0.0.1:1249': -9, 'enode://17@127.0.0.1:1250': 0, 'enode://18@127.0.0.1:1251': -10, 'enode://19@127.0.0.1:1252': 0, 'enode://20@127.0.0.1:1253': 0}
13 1787111057.796 1836 None {'14': 60, '0': 0, '9': 10, '18': 84, '13': 186, '5': 0, '4': 3, '8': 134, '10': 0, '15': 91, '16': 161, '7': 98, '17': 12, '20': 59, '6': 76, '12': 175, '11': 225, '3': 124, '2': 0, '19': 101, '1': 160} {'enode://1@127.0.0.1:1234': -2, 'enode://2@127.0.0.1:1235': 0, 'enode://3@127.0.0.1:1236': -1, 'enode://4@127.0.0.1:1237': 0, 'enode://5@127.0.0.1:1238': 0, 'enode://6@127.0.0.1:1239': -6, 'enode://7@127.0.0.1:1240': -3, 'enode://8@127.0.0.1:1241': 0, 'enode://9@127.0.0.1:1242': 0, 'enode://10@127.0.0.1:1243': 0, 'enode://11@127.0.0.1:1244': -4, 'enode://12@127.0.0.1:1245': -5, 'enode://13@127.0.0.1:1246': -10, 'enode://14@127.0.0.1:1247': 0, 'enode://15@127.0.0.1:1248': -7, 'enode://16@127.0.0.1:1249': -8, 'enode://17@127.0.0.1:1250': 0, 'enode://18@127.0.0.1:1251': -9, 'enode://19@127.0.0.1:1252': 0, 'enode://20@127.0.0.1:1253': 0}
13 1787111057.796 1837 None {'14': 60, '0': 0, '9': 10, '18': 84, '13': 237, '5': 0, '4': 3, '8': 134, '10': 0, '15': 91, '16': 161, '7': 98, '17': 12, '20': 59, '6': 76, '12': 175, '11': 225, '3': 124, '2': 0, '19': 101, '1': 160} {'enode://1@127.0.0.1:1234': -1, 'enode://2@127.0.0.1:1235': 0, 'enode://3@127.0.0.1:1236': 0, 'enode://4@127.0.0.1:1237': 0, 'enode://5@127.0.0.1:1238': 0, 'enode://6@127.0.0.1:1239': -5, 'enode://7@127.0.0.1:1240': -2, 'enode://8@127.0.0.1:1241': 0, 'enode://9@127.0.0.1:1242': 0, 'enode://10@127.0.0.1:1243': 0, 'enode://11@127.0.0.1:1244': -3, 'enode://12@127.0.0.1:1245': -4, 'enode://13@127.0.0.1:1246': -9, 'enode://14@127.0.0.1:1247': 0, 'enode://15@127.0.0.1:1248': -6, 'enode://16@127.0.0.1:1249': -7, 'enode://17@127.0.0.1:1250': 0, 'enode://18@127.0.0.1:1251': -8, 'enode://19@127.0.0.1:1252': 0, 'enode://20@127.0.0.1:1253': -10}
13 1787111057.796 1874 None {'14': 60, '0': 0, '9': 10, '18': 84, '13': 237, '5': 0, '4': 3, '8': 134, '10': 0, '15': 91, '16': 161, '7': 98, '17': 12, '20': 59, '6': 76, '12': 175, '11': 225, '3': 124, '2': 0, '19': 101, '1': 160} {'enode://1@127.0.0.1:1234': 0, 'enode://2@127.0.0.1:1235': 0, 'enode://3@127.0.0.1:1236': 0, 'enode://4@127.0.0.1:1237': 0, 'enode://5@127.0.0.1:1238': -10, 'enode://6@127.0.0.1:1239': -4, 'enode://7@127.0.0.1:1240': -1, 'enode://8@127.0.0.1:1241': 0, 'enode://9@127.0.0.1:1242': 0, 'enode://10@127.0.0.1:1243': 0, 'enode://11@127.0.0.1:1244': -2, 'enode://12@127.0.0.1:1245': -3, 'enode://13@127.0.0.1:1246': -8, 'enode://14@127.0.0.1:1247': 0, 'enode://15@127.0.0.1:1248': -5, 'enode://16@127.0.0.1:1249': -6, 'enode://17@127.0.0.1:1250': 0, 'enode://18@127.0.0.1:1251': -7, 'enode://19@127.0.0.1:1252': 0, 'enode://20@127.0.0.1:1253': -9}
13 1787111057.796 1984 None {'14': 60, '0': 0, '9': 10, '18': 84, '13': 237, '5': 36, '4': 3, '8': 134, '10': 0, '15': 91, '16': 161, '7': 98, '17': 12, '20': 59, '6': 76, '12': 175, '11': 225, '3': 124, '2': 0, '19': 101, '1': 160} {'enode://1@127.0.0.1:1234': 0, 'enode://2@127.0.0.1:1235': 0, 'enode://3@127.0.0.1:1236': 0, 'enode://4@127.0.0.1:1237': 0, 'enode://5@127.0.0.1:1238': -9, 'enode://6@127.0.0.1:1239': -3, 'enode://7@127.0.0.1:1240': 0, 'enode://8@127.0.0.1:1241': -10, 'enode://9@127.0.0.1:1242': 0, 'enode://10@127.0.0.1:1243': 0, 'enode://11@127.0.0.1:1244': -1, 'enode://12@127.0.0.1:1245': -2, 'enode://13@127.0.0.1:1246': -7, 'enode://14@127.0.0.1:1247': 0, 'enode://15@127.0.0.1:1248': -4, 'enode://16@127.0.0.1:1249': -5, 'enode://17@127.0.0.1:1250': 0, 'enode://18@127.0.0.1:1251': -6, 'enode://19@127.0.0.1:1252': 0, 'enode://20@127.0.0.1:1253': -8}
13 1787111057.797 2009 None {'14': 60, '0': 0, '9': 10, '18': 84, '13': 237, '5': 36, '4': 3, '8': 243, '10': 0, '15': 91, '16': 161, '7': 98, '17': 12, '20': 59, '6': 76, '12': 175, '11': 225, '3': 124, '2': 0, '19': 101, '1': 160} {'enode://1@127.0.0.1:1234': 0, 'enode://2@127.0.0.1:1235': 0, 'enode://3@127.0.0.1:1236': 0, 'enode://4@127.0.0.1:1237': 0, 'enode://5@127.0.0.1:1238': -8, 'enode://6@127.0.0.1:1239': -2, 'enode://7@127.0.0.1:1240': -10, 'enode://8@127.0.0.1:1241': -9, 'enode://9@127.0.0.1:1242': 0, 'enode://10@127.0.0.1:1243': 0, 'enode://11@127.0.0.1:1244': 0, 'enode://12@127.0.0.1:1245': -1, 'enode://13@127.0.0.1:1246': -6, 'enode://14@127.0.0.1:1247': 0, 'enode://15@127.0.0.1:1248': -3, 'enode://16@127.0.0.1:1249': -4, 'enode://17@127.0.0.1:1250': 0, 'enode://18@127.0.0.1:1251': -5, 'enode://19@127.0.0.1:1252': 0, 'enode://20@127.0.0.1:1253': -7}
13 1787111057.797 2156 None {'14': 60, '0': 0, '9': 10, '18': 84, '13': 237, '5': 36, '4': 3, '8': 243, '10': 0, '15': 91, '16': 161, '7': 122, '17': 12, '20': 59, '6': 76, '12': 175, '11': 225, '3': 124, '2': 0, '19': 101, '1': 160} {'enode://1@127.0.0.1:1234': 0, 'enode://2@127.0.0.1:1235': 0, 'enode://3@127.0.0.1:1236': -10, 'enode://4@127.0.0.1:1237': 0, 'enode://5@127.0.0.1:1238': -7, 'enode://6@127.0.0.1:1239': -1, 'enode://7@127.0.0.1:1240': -9, 'enode://8@127.0.0.1:1241': -8, 'enode://9@127.0.0.1:1242': 0, 'enode://10@127.0.0.1:1243': 0, 'enode://11@127.0.0.1:1244': 0, 'enode://12@127.0.0.1:1245': 0, 'enode://13@127.0.0.1:1246': -5, 'enode://14@127.0.0.1:1247': 0, 'enode://15@127.0.0.1:1248': -2, 'enode://16@127.0.0.1:1249': -3, 'enode://17@127.0.0.1:1250': 0, 'enode://18@127.0.0.1:1251': -4, 'enode://19@127.0.0.1:1252': 0, 'enode://20@127.0.0.1:1253': -6}
13 1787111057.797 2294 None {'14': 60, '0': 0, '9': 10, '18': 84, '13': 237, '5': 36, '4': 3, '8': 243, '10': 0, '15': 91, '16': 161, '7': 122, '17': 12, '20': 59, '6': 76, '12': 175, '11': 225, '3': 270, '2': 0, '19': 101, '1': 160} {'enode://1@127.0.0.1:1234': 0, 'enode://2@127.0.0.1:1235': -10, 'enode://3@127.0.0.1:1236': -9, 'enode://4@127.0.0.1:1237': 0, 'enode://5@127.0.0.1:1238': -6, 'enode://6@127.0.0.1:1239': 0, 'enode://7@127.0.0.1:1240': -8, 'enode://8@127.0.0.1:1241': -7, 'enode://9@127.0.0.1:1242': 0, 'enode://10@127.0.0.1:1243': 0, 'enode://11@127.0.0.1:1244': 0, 'enode://12@127.0.0.1:1245': 0, 'enode://13@127.0.0.1:1246': -4, 'enode://14@127.0.0.1:1247': 0, 'enode://15@127.0.0.1:1248': -1, 'enode://16@127.0.0.1:1249': -2, 'enode://17@127.0.0.1:1250': 0, 'enode://18@127.0.0.1:1251': -3, 'enode://19@127.0.0.1:1252': 0, 'enode://20@127.0.0.1:1253': -5}
13 1787111057.797 2372 None {'14': 60, '0': 0, '9': 10, '18': 84, '13': 237, '5': 36, '4': 3, '8': 243, '10': 0, '15': 91, '16': 161, '7': 122, '17': 12, '20': 59, '6': 76, '12': 175, '11': 225, '3': 270, '2': 137, '19': 101, '1': 160} {'enode://1@127.0.0.1:1234': 0, 'enode://2@127.0.0.1:1235': -9, 'enode://3@127.0.0.1:1236': -8, 'enode://4@127.0.0.1:1237': 0, 'enode://5@127.0.0.1:1238': -5, 'enode://6@127.0.0.1:1239': 0, 'enode://7@127.0.0.1:1240': -7, 'enode://8@127.0.0.1:1241': -6, 'enode://9@127.0.0.1:1242': 0, 'enode://10@127.0.0.1:1243': 0, 'enode://11@127.0.0.1:1244': 0, 'enode://12@127.0.0.1:1245': 0, 'enode://13@127.0.0.1:1246': -3, 'enode://14@127.0.0.1:1247': 0, 'enode://15@127.0.0.1:1248': 0, 'enode://16@127.0.0.1:1249': -1, 'enode://17@127.0.0.1:1250': 0, 'enode://18@127.0.0.1:1251': -2, 'enode://19@127.0.0.1:1252': -10, 'enode://20@127.0.0.1:1253': -4}
13 1787111057.797 2441 None {'14': 60, '0': 0, '9': 10, '18': 84, '13': 237, '5': 36, '4': 3, '8': 243, '10': 0, '15': 91, '16': 161, '7': 122, '17': 12, '20': 59, '6': 76, '12': 175, '11': 225, '3': 270, '2': 137, '19': 178, '1': 160} {'enode://1@127.0.0.1:1234': -10, 'enode://2@127.0.0.1:1235': -8, 'enode://3@127.0.0.1:1236': -7, 'enode://4@127.0.0.1:1237': 0, 'enode://5@127.0.0.1:1238': -4, 'enode://6@127.0.0.1:1239': 0, 'enode://7@127.0.0.1:1240': -6, 'enode://8@127.0.0.1:1241': -5, 'enode://9@127.0.0.1:1242': 0, 'enode://10@127.0.0.1:1243': 0, 'enode://11@127.0.0.1:1244': 0, 'enode://12@127.0.0.1:1245': 0, 'enode://13@127.0.0.1:1246': -2, 'enode://14@127.0.0.1:1247': 0, 'enode://15@127.0.0.1:1248': 0, 'enode://16@127.0.0.1:1249': 0, 'enode://17@127.0.0.1:1250': 0, 'enode://18@127.0.0.1:1251': -1, 'enode://19@127.0.0.1:1252': -9, 'enode://20@127.0.0.1:1253': -3}
13 1787111057.797 2560 None {'14': 60, '0': 0, '9': 10, '18': 84, '13': 237, '5': 36, '4': 3, '8': 243, '10': 0, '15': 91, '16': 161, '7': 122, '17': 12, '20': 59, '6': 76, '12': 175, '11': 225, '3': 270, '2': 137, '19': 178, '1': 228} {'enode://1@127.0.0.1:1234': -9, 'enode://2@127.0.0.1:1235': -7, 'enode://3@127.0.0.1:1236': -6, 'enode://4@127.0.0.1:1237': 0, 'enode://5@127.0.0.1:1238': -3, 'enode://6@127.0.0.1:1239': 0, 'enode://7@127.0.0.1:1240': -5, 'enode://8@127.0.0.1:1241': -4, 'enode://9@127.0.0.1:1242': 0, 'enode://10@127.0.0.1:1243': 0, 'enode://11@127.0.0.1:1244': 0, 'enode://12@127.0.0.1:1245': 0, 'enode://13@127.0.0.1:1246': -1, 'enode://14@127.0.0.1:1247': -10, 'enode://15@127.0.0.1:1248': 0, 'enode://16@127.0.0.1:1249': 0, 'enode://17@127.0.0.1:1250': 0, 'enode://18@127.0.0.1:1251': 0, 'enode://19@127.0.0.1:1252': -8, 'enode://20@127.0.0.1:1253': -2}
13 1787111057.797 2593 None {'14': 178, '0': 0, '9': 10, '18': 84, '13': 237, '5': 36, '4': 3, '8': 243, '10': 0, '15': 91, '16': 161, '7': 122, '17': 12, '20': 59, '6': 76, '12': 175, '11': 225, '3': 270, '2': 137, '19': 178, '1': 228} {'enode://1@127.0.0.1:1234': -8, 'enode://2@127.0.0.1:1235': -6, 'enode://3@127.0.0.1:1236': -5, 'enode://4@127.0.0.1:1237': 0, 'enode://5@127.0.0.1:1238': -2, 'enode://6@127.0.0.1:1239': 0, 'enode://7@127.0.0.1:1240': -4, 'enode://8@127.0.0.1:1241': -3, 'enode://9@127.0.0.1:1242': 0, 'enode://10@127.0.0.1:1243': 0, 'enode://11@127.0.0.1:1244': -10, 'enode://12@127.0.0.1:1245': 0, 'enode://13@127.0.0.1:1246': 0, 'enode://14@127.0.0.1:1247': -9, 'enode://15@127.0.0.1:1248': 0, 'enode://16@127.0.0.1:1249': 0, 'enode://17@127.0.0.1:1250': 0, 'enode://18@127.0.0.1:1251': 0, 'enode://19@127.0.0.1:1252': -7, 'enode://20@127.0.0.1:1253': -1}
13 1787111057.797 2630 None {'14': 178, '0': 0, '9': 10, '18': 84, '13': 237, '5': 36, '4': 3, '8': 243, '10': 0, '15': 91, '16': 161, '7': 122, '17': 12, '20': 59, '6': 76, '12': 175, '11': 257, '3': 270, '2': 137, '19': 178, '1': 228} {'enode://1@127.0.0.1:1234': -7, 'enode://2@127.0.0.1:1235': -5, 'enode://3@127.0.0.1:1236': -4, 'enode://4@127.0.0.1:1237': -10, 'enode://5@127.0.0.1:1238': -1, 'enode://6@127.0.0.1:1239': 0, 'enode://7@127.0.0.1:1240': -3, 'enode://8@127.0.0.1:1241': -2, 'enode://9@127.0.0.1:1242': 0, 'enode://10@127.0.0.1:1243': 0, 'enode://11@127.0.0.1:1244': -9, 'enode://12@127.0.0.1:1245': 0, 'enode://13@127.0.0.1:1246': 0, 'enode://14@127.0.0.1:1247': -8, 'enode://15@127.0.0.1:1248': 0, 'enode://16@127.0.0.1:1249': 0, 'enode://17@127.0.0.1:1250': 0, 'enode://18@127.0.0.1:1251': 0, 'enode://19@127.0.0.1:1252': -6, 'enode://20@127.0.0.1:1253': 0}
13 1787111057.797 2740 None {'14': 178, '0': 0, '9': 10, '18': 84, '13': 237, '5': 36, '4': 39, '8': 243, '10': 0, '15': 91, '16': 161, '7': 122, '17': 12, '20': 59, '6': 76, '12': 175, '11': 257, '3': 270, '2': 137, '19': 178, '1': 228} {'enode://1@127.0.0.1:1234': -6, 'enode://2@127.0.0.1:1235': -4, 'enode://3@127.0.0.1:1236': -3, 'enode://4@127.0.0.1:1237': -9, 'enode://5@127.0.0.1:1238': 0, 'enode://6@127.0.0.1:1239': 0, 'enode://7@127.0.0.1:1240': -2, 'enode://8@127.0.0.1:1241': -1, 'enode://9@127.0.0.1:1242': 0, 'enode://10@127.0.0.1:1243': 0, 'enode://11@127.0.0.1:1244': -8, 'enode://12@127.0.0.1:1245': 0, 'enode://13@127.0.0.1:1246': 0, 'enode://14@127.0.0.1:1247': -7, 'enode://15@127.0.0.1:1248': -10, 'enode://16@127.0.0.1:1249': 0, 'enode://17@127.0.0.1:1250': 0, 'enode://18@127.0.0.1:1251': 0, 'enode://19@127.0.0.1:1252': -5, 'enode://20@127.0.0.1:1253': 0}
13 1787111057.797 2766 None {'14': 178, '0': 0, '9': 10, '18': 84, '13': 237, '5': 36, '4': 39, '8': 243, '10': 0, '15': 200, '16': 161, '7': 122, '17': 12, '20': 59, '6': 76, '12': 175, '11': 257, '3': 270, '2': 137, '19': 178, '1': 228} {'enode://1@127.0.0.1:1234': -5, 'enode://2@127.0.0.1:1235': -3, 'enode://3@127.0.0.1:1236': -2, 'enode://4@127.0.0.1:1237': -8, 'enode://5@127.0.0.1:1238': 0, 'enode://6@127.0.0.1:1239': 0, 'enode://7@127.0.0.1:1240': -1, 'enode://8@127.0.0.1:1241': 0, 'enode://9@127.0.0.1:1242': 0, 'enode://10@127.0.0.1:1243': 0, 'enode://11@127.0.0.1:1244': -7, 'enode://12@127.0.0.1:1245': 0, 'enode://13@127.0.0.1:1246': 0, 'enode://14@127.0.0.1:1247': -6, 'enode://15@127.0.0.1:1248': -9, 'enode://16@127.0.0.1:1249': 0, 'enode://17@127.0.0.1:1250': 0, 'enode://18@127.0.0.1:1251': -10, 'enode://19@127.0.0.1:1252': -4, 'enode://20@127.0.0.1:1253': 0}
13 1787111057.797 2801 None {'14': 178, '0': 0, '9': 10, '18': 109, '13': 237, '5': 36, '4': 39, '8': 243, '10': 0, '15': 200, '16': 161, '7': 122, '17': 12, '20': 59, '6': 76, '12': 175, '11': 257, '3': 270, '2': 137, '19': 178, '1': 228} {'enode://1@127.0.0.1:1234': -4, 'enode://2@127.0.0.1:1235': -2, 'enode://3@127.0.0.1:1236': -1, 'enode://4@127.0.0.1:1237': -7, 'enode://5@127.0.0.1:1238': 0, 'enode://6@127.0.0.1:1239': 0, 'enode://7@127.0.0.1:1240': 0, 'enode://8@127.0.0.1:1241': 0, 'enode://9@127.0.0.1:1242': 0, 'enode://10@127.0.0.1:1243': 0, 'enode://11@127.0.0.1:1244': -6, 'enode://12@127.0.0.1:1245': -10, 'enode://13@127.0.0.1:1246': 0, 'enode://14@127.0.0.1:1247': -5, 'enode://15@127.0.0.1:1248': -8, 'enode://16@127.0.0.1:1249': 0, 'enode://17@127.0.0.1:1250': 0, 'enode://18@127.0.0.1:1251': -9, 'enode://19@127.0.0.1:1252': -3, 'enode://20@127.0.0.1:1253': 0}
13 1787111057.797 2843 None {'14': 178, '0': 0, '9': 10, '18': 109, '13': 237, '5': 36, '4': 39, '8': 243, '10': 0, '15': 200, '16': 161, '7': 122, '17': 12, '20': 59, '6': 76, '12': 209, '11': 257, '3': 270, '2': 137, '19': 178, '1': 228} {'enode://1@127.0.0.1:1234': -3, 'enode://2@127.0.0.1:1235': -1, 'enode://3@127.0.0.1:1236': 0, 'enode://4@127.0.0.1:1237': -6, 'enode://5@127.0.0.1:1238': 0, 'enode://6@127.0.0.1:1239': 0, 'enode://7@127.0.0.1:1240': 0, 'enode://8@127.0.0.1:1241': 0, 'enode://9@127.0.0.1:1242': 0, 'enode://10@127.0.0.1:1243': 0, 'enode://11@127.0.0.1:1244': -5, 'enode://12@127.0.0.1:1245': -9, 'enode://13@127.0.0.1:1246': 0, 'enode://14@127.0.0.1:1247': -4, 'enode://15@127.0.0.1:1248': -7, 'enode://16@127.0.0.1:1249': -10, 'enode://17@127.0.0.1:1250': 0, 'enode://18@127.0.0.1:1251': -8, 'enode://19@127.0.0.1:1252': -2, 'enode://20@127.0.0.1:1253': 0}
13 1787111057.798 2852 None {'14': 178, '0': 0, '9': 10, '18': 109, '13': 237, '5': 36, '4': 39, '8': 243, '10': 0, '15': 200, '16': 202, '7': 122, '17': 12, '20': 59, '6': 76, '12': 209, '11': 257, '3': 270, '2': 137, '19': 178, '1': 228} {'enode://1@127.0.0.1:1234': -2, 'enode://2@127.0.0.1:1235': 0, 'enode://3@127.0.0.1:1236': 0, 'enode://4@127.0.0.1:1237': -5, 'enode://5@127.0.0.1:1238': 0, 'enode://6@127.0.0.1:1239': -10, 'enode://7@127.0.0.1:1240': 0, 'enode://8@127.0.0.1:1241': 0, 'enode://9@127.0.0.1:1242': 0, 'enode://10@127.0.0.1:1243': 0, 'enode://11@127.0.0.1:1244': -4, 'enode://12@127.0.0.1:1245': -8, 'enode://13@127.0.0.1:1246': 0, 'enode://14@127.0.0.1:1247': -3, 'enode://15@127.0.0.1:1248': -6, 'enode://16@127.0.0.1:1249': -9, 'enode://17@127.0.0.1:1250': 0, 'enode://18@127.0.0.1:1251': -7, 'enode://19@127.0.0.1:1252': -1, 'enode://20@127.0.0.1:1253': 0}
13 1787111057.798 2962 None {'14': 178, '0': 0, '9': 10, '18': 109, '13': 237, '5': 36, '4': 39, '8': 243, '10': 0, '15': 200, '16': 202, '7': 122, '17': 12, '20': 59, '6': 84, '12': 209, '11': 257, '3': 270, '2': 137, '19': 178, '1': 228} {'enode://1@127.0.0.1:1234': -1, 'enode://2@127.0.0.1:1235': 0, 'enode://3@127.0.0.1:1236': 0, 'enode://4@127.0.0.1:1237': -4, 'enode://5@127.0.0.1:1238': 0, 'enode://6@127.0.0.1:1239': -9, 'enode://7@127.0.0.1:1240': 0, 'enode://8@127.0.0.1:1241': 0, 'enode://9@127.0.0.1:1242': 0, 'enode://10@127.0.0.1:1243': 0, 'enode://11@127.0.0.1:1244': -3, 'enode://12@127.0.0.1:1245': -7, 'enode://13@127.0.0.1:1246': 0, 'enode://14@127.0.0.1:1247': -2, 'enode://15@127.0.0.1:1248': -5, 'enode://16@127.0.0.1:1249': -8, 'enode://17@127.0.0.1:1250': -10, 'enode://18@127.0.0.1:1251': -6, 'enode://19@127.0.0.1:1252': 0, 'enode://20@127.0.0.1:1253': 0}
13 1787111057.798 3089 None {'14': 178, '0': 0, '9': 10, '18': 109, '13': 237, '5': 36, '4': 39, '8': 243, '10': 0, '15': 200, '16': 202, '7': 122, '17': 121, '20': 59, '6': 84, '12': 209, '11': 257, '3': 270, '2': 137, '19': 178, '1': 228} {'enode://1@127.0.0.1:1234': 0, 'enode://2@127.0.0.1:1235': 0, 'enode://3@127.0.0.1:1236': 0, 'enode://4@127.0.0.1:1237': -3, 'enode://5@127.0.0.1:1238': 0, 'enode://6@127.0.0.1:1239': -8, 'enode://7@127.0.0.1:1240': 0, 'enode://8@127.0.0.1:1241': 0, 'enode://9@127.0.0.1:1242': 0, 'enode://10@127.0.0.1:1243': 0, 'enode://11@127.0.0.1:1244': -2, 'enode://12@127.0.0.1:1245': -6, 'enode://13@127.0.0.1:1246': -10, 'enode://14@127.0.0.1:1247': -1, 'enode://15@127.0.0.1:1248': -4, 'enode://16@127.0.0.1:1249': -7, 'enode://17@127.0.0.1:1250': -9, 'enode://18@127.0.0.1:1251': -5, 'enode://19@127.0.0.1:1252': 0, 'enode://20@127.0.0.1:1253': 0}
13 1787111057.798 3166 None {'14': 178, '0': 0, '9': 10, '18': 109, '13': 363, '5': 36, '4': 39, '8': 243, '10': 0, '15': 200, '16': 202, '7': 122, '17': 121, '20': 59, '6': 84, '12': 209, '11': 257, '3': 270, '2': 137, '19': 178, '1': 228} {'enode://1@127.0.0.1:1234': -10, 'enode://2@127.0.0.1:1235': 0, 'enode://3@127.0.0.1:1236': 0, 'enode://4@127.0.0.1:1237': -2, 'enode://5@127.0.0.1:1238': 0, 'enode://6@127.0.0.1:1239': -7, 'enode://7@127.0.0.1:1240': 0, 'enode://8@127.0.0.1:1241': 0, 'enode://9@127.0.0.1:1242': 0, 'enode://10@127.0.0.1:1243': 0, 'enode://11@127.0.0.1:1244': -1, 'enode://12@127.0.0.1:1245': -5, 'enode://13@127.0.0.1:1246': -9, 'enode://14@127.0.0.1:1247': 0, 'enode://15@127.0.0.1:1248': -3, 'enode://16@127.0.0.1:1249': -6, 'enode://17@127.0.0.1:1250': -8, 'enode://18@127.0.0.1:1251': -4, 'enode://19@127.0.0.1:1252': 0, 'enode://20@127.0.0.1:1253': 0}
13 1787111057.798 3174 None {'14': 178, '0': 0, '9': 10, '18': 109, '13': 363, '5': 36, '4': 39, '8': 243, '10': 0, '15': 200, '16': 202, '7': 122, '17': 121, '20': 59, '6': 84, '12': 209, '11': 257, '3': 270, '2': 137, '19': 178, '1': 304} {'enode://1@127.0.0.1:1234': -9, 'enode://2@127.0.0.1:1235': 0, 'enode://3@127.0.0.1:1236': 0, 'enode://4@127.0.0.1:1237': -1, 'enode://5@127.0.0.1:1238': 0, 'enode://6@127.0.0.1:1239': -6, 'enode://7@127.0.0.1:1240': 0, 'enode://8@127.0.0.1:1241': -10, 'enode://9@127.0.0.1:1242': 0, 'enode://10@127.0.0.1:1243': 0, 'enode://11@127.0.0.1:1244': 0, 'enode://12@127.0.0.1:1245': -4, 'enode://13@127.0.0.1:1246': -8, 'enode://14@127.0.0.1:1247': 0, 'enode://15@127.0.0.1:1248': -2, 'enode://16@127.0.0.1:1249': -5, 'enode://17@127.0.0.1:1250': -7, 'enode://18@127.0.0.1:1251': -3, 'enode://19@127.0.0.1:1252': 0, 'enode://20@127.0.0.1:1253': 0}
13 1787111057.798 3225 None {'14': 178, '0': 0, '9': 10, '18': 109, '13': 363, '5': 36, '4': 39, '8': 250, '10': 0, '15': 200, '16': 202, '7': 122, '17': 121, '20': 59, '6': 84, '12': 209, '11': 257, '3': 270, '2': 137, '19': 178, '1': 304} {'enode://1@127.0.0.1:1234': -8, 'enode://2@127.0.0.1:1235': 0, 'enode://3@127.0.0.1:1236': 0, 'enode://4@127.0.0.1:1237': 0, 'enode://5@127.0.0.1:1238': 0, 'enode://6@127.0.0.1:1239': -5, 'enode://7@127.0.0.1:1240': 0, 'enode://8@127.0.0.1:1241': -9, 'enode://9@127.0.0.1:1242': 0, 'enode://10@127.0.0.1:1243': 0, 'enode://11@127.0.0.1:1244': -10, 'enode://12@127.0.0.1:1245': -3, 'enode://13@127.0.0.1:1246': -7, 'enode://14@127.0.0.1:1247': 0, 'enode://15@127.0.0.1:1248': -1, 'enode://16@127.0.0.1:1249': -4, 'enode://17@127.0.0.1:1250': -6, 'enode://18@127.0.0.1:1251': -2, 'enode://19@127.0.0.1:1252': 0, 'enode://20@127.0.0.1:1253': 0}
13 1787111057.798 3321 None {'14': 178, '0': 0, '9': 10, '18': 109, '13': 363, '5': 36, '4': 39, '8': 250, '10': 0, '15': 200, '16': 202, '7': 122, '17': 121, '20': 59, '6': 84, '12': 209, '11': 307, '3': 270, '2': 137, '19': 178, '1': 304} {'enode://1@127.0.0.1:1234': -7, 'enode://2@127.0.0.1:1235': 0, 'enode://3@127.0.0.1:1236': 0, 'enode://4@127.0.0.1:1237': 0, 'enode://5@127.0.0.1:1238': -10, 'enode://6@127.0.0.1:1239': -4, 'enode://7@127.0.0.1:1240': 0, 'enode://8@127.0.0.1:1241': -8, 'enode://9@127.0.0.1:1242': 0, 'enode://10@127.0.0.1:1243': 0, 'enode://11@127.0.0.1:1244': -9, 'enode://12@127.0.0.1:1245': -2, 'enode://13@127.0.0.1:1246': -6, 'enode://14@127.0.0.1:1247': 0, 'enode://15@127.0.0.1:1248': 0, 'enode://16@127.0.0.1:1249': -3, 'enode://17@127.0.0.1:1250': -5, 'enode://18@127.0.0.1:1251': -1, 'enode://19@127.0.0.1:1252': 0, 'enode://20@127.0.0.1:1253': 0}
13 1787111057.798 3378 None {'14': 178, '0': 0, '9': 10, '18': 109, '13': 363, '5': 131, '4': 39, '8': 250, '10': 0, '15': 200, '16': 202, '7': 122, '17': 121, '20': 59, '6': 84, '12': 209, '11': 307, '3': 270, '2': 137, '19': 178, '1': 304} {'enode://1@127.0.0.1:1234': -6, 'enode://2@127.0.0.1:1235': 0, 'enode://3@127.0.0.1:1236': 0, 'enode://4@127.0.0.1:1237': 0, 'enode://5@127.0.0.1:1238': -9, 'enode://6@127.0.0.1:1239': -3, 'enode://7@127.0.0.1:1240': 0, 'enode://8@127.0.0.1:1241': -7, 'enode://9@127.0.0.1:1242': 0, 'enode://10@127.0.0.1:1243': -10, 'enode://11@127.0.0.1:1244': -8, 'enode://12@127.0.0.1:1245': -1, 'enode://13@127.0.0.1:1246': -5, 'enode://14@127.0.0.1:1247': 0, 'enode://15@127.0.0.1:1248': 0, 'enode://16@127.0.0.1:1249': -2, 'enode://17@127.0.0.1:1250': -4, 'enode://18@127.0.0.1:1251': 0, 'enode://19@127.0.0.1:1252': 0, 'enode://20@127.0.0.1:1253': 0}
13 1787111057.798 3422 None {'14': 178, '0': 0, '9': 10, '18': 109, '13': 363, '5': 131, '4': 39, '8': 250, '10': 56, '15': 200, '16': 202, '7': 122, '17': 121, '20': 59, '6': 84, '12': 209, '11': 307, '3': 270, '2': 137, '19': 178, '1': 304} {'enode://1@127.0.0.1:1234': -5, 'enode://2@127.0.0.1:1235': 0, 'enode://3@127.0.0.1:1236': -10, 'enode://4@127.0.0.1:1237': 0, 'enode://5@127.0.0.1:1238': -8, 'enode://6@127.0.0.1:1239': -2, 'enode://7@127.0.0.1:1240': 0, 'enode://8@127.0.0.1:1241': -6, 'enode://9@127.0.0.1:1242': 0, 'enode://10@127.0.0.1:1243': -9, 'enode://11@127.0.0.1:1244': -7, 'enode://12@127.0.0.1:1245': 0, 'enode://13@127.0.0.1:1246': -4, 'enode://14@127.0.0.1:1247': 0, 'enode://15@127.0.0.1:1248': 0, 'enode://16@127.0.0.1:1249': -1, 'enode://17@127.0.0.1:1250': -3, 'enode://18@127.0.0.1:1251': 0, 'enode://19@127.0.0.1:1252': 0, 'enode://20@127.0.0.1:1253': 0}
13 1787111057.798 3452 None {'14': 178, '0': 0, '9': 10, '18': 109, '13': 363, '5': 131, '4': 39, '8': 250, '10': 56, '15': 200, '16': 202, '7': 122, '17': 121, '20': 59, '6': 84, '12': 209, '11': 307, '3': 313, '2': 137, '19': 178, '1': 304} {'enode://1@127.0.0.1:1234': -4, 'enode://2@127.0.0.1:1235': 0, 'enode://3@127.0.0.1:1236': -9, 'enode://4@127.0.0.1:1237': 0, 'enode://5@127.0.0.1:1238': -7, 'enode://6@127.0.0.1:1239': -1, 'enode://7@127.0.0.1:1240': 0, 'enode://8@127.0.0.1:1241': -5, 'enode://9@127.0.0.1:1242': 0, 'enode://10@127.0.0.1:1243': -8, 'enode://11@127.0.0.1:1244': -6, 'enode://12@127.0.0.1:1245': 0, 'enode://13@127.0.0.1:1246': -3, 'enode://14@127.0.0.1:1247': 0, 'enode://15@127.0.0.1:1248': -10, 'enode://16@127.0.0.1:1249': 0, 'enode://17@127.0.0.1:1250': -2, 'enode://18@127.0.0.1:1251': 0, 'enode://19@127.0.0.1:1252': 0, 'enode://20@127.0.0.1:1253': 0}
13 1787111057.798 3538 None {'14': 178, '0': 0, '9': 10, '18': 109, '13': 363, '5': 131, '4': 39, '8': 250, '10': 56, '15': 229, '16': 202, '7': 122, '17': 121, '20': 59, '6': 84, '12': 209, '11': 307, '3': 313, '2': 137, '19': 178, '1': 304} {'enode://1@127.0.0.1:1234': -3, 'enode://2@127.0.0.1:1235': 0, 'enode://3@127.0.0.1:1236': -8, 'enode://4@127.0.0.1:1237': 0, 'enode://5@127.0.0.1:1238': -6, 'enode://6@127.0.0.1:1239': 0, 'enode://7@127.0.0.1:1240': 0, 'enode://8@127.0.0.1:1241': -4, 'enode://9@127.0.0.1:1242': 0, 'enode://10@127.0.0.1:1243': -7, 'enode://11@127.0.0.1:1244': -5, 'enode://12@127.0.0.1:1245': 0, 'enode://13@127.0.0.1:1246': -2, 'enode://14@127.0.0.1:1247': -10, 'enode://15@127.0.0.1:1248': -9, 'enode://16@127.0.0.1:1249': 0, 'enode://17@127.0.0.1:1250': -1, 'enode://18@127.0.0.1:1251': 0, 'enode://19@127.0.0.1:1252': 0, 'enode://20@127.0.0.1:1253': 0}
13 1787111057.798 3682 None {'14': 263, '0': 0, '9': 10, '18': 109, '13': 363, '5': 131, '4': 39, '8': 250, '10': 56, '15': 229, '16': 202, '7': 122, '17': 121, '20': 59, '6': 84, '12': 209, '11': 307, '3': 313, '2': 137, '19': 178, '1': 304} {'enode://1@127.0.0.1:1234': -2, 'enode://2@127.0.0.1:1235': 0, 'enode://3@127.0.0.1:1236': -7, 'enode://4@127.0.0.1:1237': -10, 'enode://5@127.0.0.1:1238': -5, 'enode://6@127.0.0.1:1239': 0, 'enode://7@127.0.0.1:1240': 0, 'enode://8@127.0.0.1:1241': -3, 'enode://9@127.0.0.1:1242': 0, 'enode://10@127.0.0.1:1243': -6, 'enode://11@127.0.0.1:1244': -4, 'enode://12@127.0.0.1:1245': 0, 'enode://13@127.0.0.1:1246': -1, 'enode://14@127.0.0.1:1247': -9, 'enode://15@127.0.0.1:1248': -8, 'enode://16@127.0.0.1:1249': 0, 'enode://17@127.0.0.1:1250': 0, 'enode://18@127.0.0.1:1251': 0, 'enode://19@127.0.0.1:1252': 0, 'enode://20@127.0.0.1:1253': 0}
13 1787111057.799 3694 None {'14': 263, '0': 0, '9': 10, '18': 109, '13': 363, '5': 131, '4': 182, '8': 250, '10': 56, '15': 229, '16': 202, '7': 122, '17': 121, '20': 59, '6': 84, '12': 209, '11': 307, '3': 313, '2': 137, '19': 178, '1': 304} {'enode://1@127.0.0.1:1234': -1, 'enode://2@127.0.0.1:1235': 0, 'enode://3@127.0.0.1:1236': -6, 'enode://4@127.0.0.1:1237': -9, 'enode://5@127.0.0.1:1238': -4, 'enode://6@127.0.0.1:1239': -10, 'enode://7@127.0.0.1:1240': 0, 'enode://8@127.0.0.1:1241': -2, 'enode://9@127.0.0.1:1242': 0, 'enode://10@127.0.0.1:1243': -5, 'enode://11@127.0.0.1:1244': -3, 'enode://12@127.0.0.1:1245': 0, 'enode://13@127.0.0.1:1246': 0, 'enode://14@127.0.0.1:1247': -8, 'enode://15@127.0.0.1:1248': -7, 'enode://16@127.0.0.1:1249': 0, 'enode://17@127.0.0.1:1250': 0, 'enode://18@127.0.0.1:1251': 0, 'enode://19@127.0.0.1:1252': 0, 'enode://20@127.0.0.1:1253': 0}
13 1787111057.799 3729 None {'14': 263, '0': 0, '9': 10, '18': 109, '13': 363, '5': 131, '4': 182, '8': 250, '10': 56, '15': 229, '16': 202, '7': 122, '17': 121, '20': 59, '6': 95, '12': 209, '11': 307, '3': 313, '2': 137, '19': 178, '1': 304} {'enode://1@127.0.0.1:1234': 0, 'enode://2@127.0.0.1:1235': 0, 'enode://3@127.0.0.1:1236': -5, 'enode://4@127.0.0.1:1237': -8, 'enode://5@127.0.0.1:1238': -3, 'enode://6@127.0.0.1:1239': -9, 'enode://7@127.0.0.1:1240': 0, 'enode://8@127.0.0.1:1241': -1, 'enode://9@127.0.0.1:1242': 0, 'enode://10@127.0.0.1:1243': -4, 'enode://11@127.0.0.1:1244': -2, 'enode://12@127.0.0.1:1245': 0, 'enode://13@127.0.0.1:1246': -10, 'enode://14@127.0.0.1:1247': -7, 'enode://15@127.0.0.1:1248': -6, 'enode://16@127.0.0.1:1249': 0, 'enode://17@127.0.0.1:1250': 0, 'enode://18@127.0.0.1:1251': 0, 'enode://19@127.0.0.1:1252': 0, 'enode://20@127.0.0.1:1253': 0}
13 1787111057.799 3773 None {'14': 263, '0': 0, '9': 10, '18': 109, '13': 397, '5': 131, '4': 182, '8': 250, '10': 56, '15': 229, '16': 202, '7': 122, '17': 121, '20': 59, '6': 95, '12': 209, '11': 307, '3': 313, '2': 137, '19': 178, '1': 304} {'enode://1@127.0.0.1:1234': 0, 'enode://2@127.0.0.1:1235': 0, 'enode://3@127.0.0.1:1236': -4, 'enode://4@127.0.0.1:1237': -7, 'enode://5@127.0.0.1:1238': -2, 'enode://6@127.0.0.1:1239': -8, 'enode://7@127.0.0.1:1240': 0, 'enode://8@127.0.0.1:1241': 0, 'enode://9@127.0.0.1:1242': 0, 'enode://10@127.0.0.1:1243': -3, 'enode://11@127.0.0.1:1244': -1, 'enode://12@127.0.0.1:1245': 0, 'enode://13@127.0.0.1:1246': -9, 'enode://14@127.0.0.1:1247': -6, 'enode://15@127.0.0.1:1248': -5, 'enode://16@127.0.0.1:1249': 0, 'enode://17@127.0.0.1:1250': 0, 'enode://18@127.0.0.1:1251': -10, 'enode://19@127.0.0.1:1252': 0, 'enode://20@127.0.0.1:1253': 0}
13 1787111057.799 3812 None {'14': 263, '0': 0, '9': 10, '18': 152, '13': 397, '5': 131, '4': 182, '8': 250, '10': 56, '15': 229, '16': 202, '7': 122, '17': 121, '20': 59, '6': 95, '12': 209, '11': 307, '3': 313, '2': 137, '19': 178, '1': 304} {'enode://1@127.0.0.1:1234': 0, 'enode://2@127.0.0.1:1235': -10, 'enode://3@127.0.0.1:1236': -3, 'enode://4@127.0.0.1:1237': -6, 'enode://5@127.0.0.1:1238': -1, 'enode://6@127.0.0.1:1239': -7, 'enode://7@127.0.0.1:1240': 0, 'enode://8@127.0.0.1:1241': 0, 'enode://9@127.0.0.1:1242': 0, 'enode://10@127.0.0.1:1243': -2, 'enode://11@127.0.0.1:1244': 0, 'enode://12@127.0.0.1:1245': 0, 'enode://13@127.0.0.1:1246': -8, 'enode://14@127.0.0.1:1247': -5, 'enode://15@127.0.0.1:1248': -4, 'enode://16@127.0.0.1:1249': 0, 'enode://17@127.0.0.1:1250': 0, 'enode://18@127.0.0.1:1251': -9, 'enode://19@127.0.0.1:1252': 0, 'enode://20@127.0.0.1:1253': 0}
13 1787111057.799 3819 None {'14': 263, '0': 0, '9': 10, '18': 152, '13': 397, '5': 131, '4': 182, '8': 250, '10': 56, '15': 229, '16': 202, '7': 122, '17': 121, '20': 59, '6': 95, '12': 209, '11': 307, '3': 313, '2': 175, '19': 178, '1': 304} {'enode://1@127.0.0.1:1234': 0, 'enode://2@127.0.0.1:1235': -9, 'enode://3@127.0.0.1:1236': -2, 'enode://4@127.0.0.1:1237': -5, 'enode://5@127.0.0.1:1238': 0, 'enode://6@127.0.0.1:1239': -6, 'enode://7@127.0.0.1:1240': 0, 'enode://8@127.0.0.1:1241': 0, 'enode://9@127.0.0.1:1242': -10, 'enode://10@127.0.0.1:1243': -1, 'enode://11@127.0.0.1:1244': 0, 'enode://12@127.0.0.1:1245': 0, 'enode://13@127.0.0.1:1246': -7, 'enode://14@127.0.0.1:1247': -4, 'enode://15@127.0.0.1:1248': -3, 'enode://16@127.0.0.1:1249': 0, 'enode://17@127.0.0.1:1250': 0, 'enode://18@127.0.0.1:1251': -8, 'enode://19@127.0.0.1:1252': 0, 'enode://20@127.0.0.1:1253': 0}
13 1787111057.799 3863 None {'14': 263, '0': 0, '9': 16, '18': 152, '13': 397, '5': 131, '4': 182, '8': 250, '10': 56, '15': 229, '16': 202, '7': 122, '17': 121, '20': 59, '6': 95, '12': 209, '11': 307, '3': 313, '2': 175, '19': 178, '1': 304} {'enode://1@127.0.0.1:1234': 0, 'enode://2@127.0.0.1:1235': -8, 'enode://3@127.0.0.1:1236': -1, 'enode://4@127.0.0.1:1237': -4, 'enode://5@127.0.0.1:1238': 0, 'enode://6@127.0.0.1:1239': -5, 'enode://7@127.0.0.1:1240': -10, 'enode://8@127.0.0.1:1241': 0, 'enode://9@127.0.0.1:1242': -9, 'enode://10@127.0.0.1:1243': 0, 'enode://11@127.0.0.1:1244': 0, 'enode://12@127.0.0.1:1245': 0, 'enode://13@127.0.0.1:1246': -6, 'enode://14@127.0.0.1:1247': -3, 'enode://15@127.0.0.1:1248': -2, 'enode://16@127.0.0.1:1249': 0, 'enode://17@127.0.0.1:1250': 0, 'enode://18@127.0.0.1:1251': -7, 'enode://19@127.0.0.1:1252': 0, 'enode://20@127.0.0.1:1253': 0}
13 1787111057.799 3989 None {'14': 263, '0': 0, '9': 16, '18': 152, '13': 397, '5': 131, '4': 182, '8': 250, '10': 56, '15': 229, '16': 202, '7': 165, '17': 121, '20': 59, '6': 95, '12': 209, '11': 307, '3': 313, '2': 175, '19': 178, '1': 304} {'enode://1@127.0.0.1:1234': 0, 'enode://2@127.0.0.1:1235': -7, 'enode://3@127.0.0.1:1236': 0, 'enode://4@127.0.0.1:1237': -3, 'enode://5@127.0.0.1:1238': 0, 'enode://6@127.0.0.1:1239': -4, 'enode://7@127.0.0.1:1240': -9, 'enode://8@127.0.0.1:1241': 0, 'enode://9@127.0.0.1:1242': -8, 'enode://10@127.0.0.1:1243': 0, 'enode://11@127.0.0.1:1244': 0, 'enode://12@127.0.0.1:1245': 0, 'enode://13@127.0.0.1:1246': -5, 'enode://14@127.0.0.1:1247': -2, 'enode://15@127.0.0.1:1248': -1, 'enode://16@127.0.0.1:1249': 0, 'enode://17@127.0.0.1:1250': 0, 'enode://18@127.0.0.1:1251': -6, 'enode://19@127.0.0.1:1252': -10, 'enode://20@127.0.0.1:1253': 0}
13 1787111057.799 4054 None {'14': 263, '0': 0, '9': 16, '18': 152, '13': 397, '5': 131, '4': 182, '8': 250, '10': 56, '15': 229, '16': 202, '7': 165, '17': 121, '20': 59, '6': 95, '12': 209, '11': 307, '3': 313, '2': 175, '19': 303, '1': 304} {'enode://1@127.0.0.1:1234': 0, 'enode://2@127.0.0.1:1235': -6, 'enode://3@127.0.0.1:1236': 0, 'enode://4@127.0.0.1:1237': -2, 'enode://5@127.0.0.1:1238': 0, 'enode://6@127.0.0.1:1239': -3, 'enode://7@127.0.0.1:1240': -8, 'enode://8@127.0.0.1:1241': 0, 'enode://9@127.0.0.1:1242': -7, 'enode://10@127.0.0.1:1243': 0, 'enode://11@127.0.0.1:1244': 0, 'enode://12@127.0.0.1:1245': 0, 'enode://13@127.0.0.1:1246': -4, 'enode://14@127.0.0.1:1247': -1, 'enode://15@127.0.0.1:1248': 0, 'enode://16@127.0.0.1:1249': 0, 'enode://17@127.0.0.1:1250': -10, 'enode://18@127.0.0.1:1251': -5, 'enode://19@127.0.0.1:1252': -9, 'enode://20@127.0.0.1:1253': 0}
13 1787111057.799 4097 None {'14': 263, '0': 0, '9': 16, '18': 152, '13': 397, '5': 131, '4': 182, '8': 250, '10': 56, '15': 229, '16': 202, '7': 165, '17': 185, '20': 59, '6': 95, '12': 209, '11': 307, '3': 313, '2': 175, '19': 303, '1': 304} {'enode://1@127.0.0.1:1234': -10, 'enode://2@127.0.0.1:1235': -5, 'enode://3@127.0.0.1:1236': 0, 'enode://4@127.0.0.1:1237': -1, 'enode://5@127.0.0.1:1238': 0, 'enode://6@127.0.0.1:1239': -2, 'enode://7@127.0.0.1:1240': -7, 'enode://8@127.0.0.1:1241': 0, 'enode://9@127.0.0.1:1242': -6, 'enode://10@127.0.0.1:1243': 0, 'enode://11@127.0.0.1:1244': 0, 'enode://12@127.0.0.1:1245': 0, 'enode://13@127.0.0.1:1246': -3, 'enode://14@127.0.0.1:1247': 0, 'enode://15@127.0.0.1:1248': 0, 'enode://16@127.0.0.1:1249': 0, 'enode://17@127.0.0.1:1250': -9, 'enode://18@127.0.0.1:1251': -4, 'enode://19@127.0.0.1:1252': -8, 'enode://20@127.0.0.1:1253': 0}
13 1787111057.799 4345 None {'14': 263, '0': 0, '9': 16, '18': 152, '13': 397, '5': 131, '4': 182, '8': 250, '10': 56, '15': 229, '16': 202, '7': 165, '17': 185, '20': 59, '6': 95, '12': 209, '11': 307, '3': 313, '2': 175, '19': 303, '1': 346} {'enode://1@127.0.0.1:1234': -9, 'enode://2@127.0.0.1:1235': -4, 'enode://3@127.0.0.1:1236': 0, 'enode://4@127.0.0.1:1237': 0, 'enode://5@127.0.0.1:1238': 0, 'enode://6@127.0.0.1:1239': -1, 'enode://7@127.0.0.1:1240': -6, 'enode://8@127.0.0.1:1241': 0, 'enode://9@127.0.0.1:1242': -5, 'enode://10@127.0.0.1:1243': 0, 'enode://11@127.0.0.1:1244': 0, 'enode://12@127.0.0.1:1245': 0, 'enode://13@127.0.0.1:1246': -2, 'enode://14@127.0.0.1:1247': 0, 'enode://15@127.0.0.1:1248': 0, 'enode://16@127.0.0.1:1249': 0, 'enode://17@127.0.0.1:1250': -8, 'enode://18@127.0.0.1:1251': -3, 'enode://19@127.0.0.1:1252': -7, 'enode://20@127.0.0.1:1253': -10}
13 1787111057.799 4348 None {'14': 263, '0': 0, '9': 16, '18': 152, '13': 397, '5': 131, '4': 182, '8': 250, '10': 56, '15': 229, '16': 202, '7': 165, '17': 185, '20': 306, '6': 95, '12': 209, '11': 307, '3': 313, '2': 175, '19': 303, '1': 346} {'enode://1@127.0.0.1:1234': -8, 'enode://2@127.0.0.1:1235': -3, 'enode://3@127.0.0.1:1236': 0, 'enode://4@127.0.0.1:1237': 0, 'enode://5@127.0.0.1:1238': 0, 'enode://6@127.0.0.1:1239': 0, 'enode://7@127.0.0.1:1240': -5, 'enode://8@127.0.0.1:1241': 0, 'enode://9@127.0.0.1:1242': -4, 'enode://10@127.0.0.1:1243': 0, 'enode://11@127.0.0.1:1244': 0, 'enode://12@127.0.0.1:1245': 0, 'enode://13@127.0.0.1:1246': -1, 'enode://14@127.0.0.1:1247': 0, 'enode://15@127.0.0.1:1248': -10, 'enode://16@127.0.0.1:1249': 0, 'enode://17@127.0.0.1:1250': -7, 'enode://18@127.0.0.1:1251': -2, 'enode://19@127.0.0.1:1252': -6, 'enode://20@127.0.0.1:1253': -9}
13 1787111057.799 4361 None {'14': 263, '0': 0, '9': 16, '18': 152, '13': 397, '5': 131, '4': 182, '8': 250, '10': 56, '15': 231, '16': 202, '7': 165, '17': 185, '20': 306, '6': 95, '12': 209, '11': 307, '3': 313, '2': 175, '19': 303, '1': 346} {'enode://1@127.0.0.1:1234': -7, 'enode://2@127.0.0.1:1235': -2, 'enode://3@127.0.0.1:1236': 0, 'enode://4@127.0.0.1:1237': 0, 'enode://5@127.0.0.1:1238': 0, 'enode://6@127.0.0.1:1239': 0, 'enode://7@127.0.0.1:1240': -4, 'enode://8@127.0.0.1:1241': 0, 'enode://9@127.0.0.1:1242': -3, 'enode://10@127.0.0.1:1243': 0, 'enode://11@127.0.0.1:1244': 0, 'enode://12@127.0.0.1:1245': 0, 'enode://13@127.0.0.1:1246': 0, 'enode://14@127.0.0.1:1247': -10, 'enode://15@127.0.0.1:1248': -9, 'enode://16@127.0.0.1:1249': 0, 'enode://17@127.0.0.1:1250': -6, 'enode://18@127.0.0.1:1251': -1, 'enode://19@127.0.0.1:1252': -5, 'enode://20@127.0.0.1:1253': -8}
13 1787111057.8 4444 None {'14': 275, '0': 0, '9': 16, '18': 152, '13': 397, '5': 131, '4': 182, '8': 250, '10': 56, '15': 231, '16': 202, '7': 165, '17': 185, '20': 306, '6': 95, '12': 209, '11': 307, '3': 313, '2': 175, '19': 303, '1': 346} {'enode://1@127.0.0.1:1234': -6, 'enode://2@127.0.0.1:1235': -1, 'enode://3@127.0.0.1:1236': 0, 'enode://4@127.0.0.1:1237': 0, 'enode://5@127.0.0.1:1238': -10, 'enode://6@127.0.0.1:1239': 0, 'enode://7@127.0.0.1:1240': -3, 'enode://8@127.0.0.1:1241': 0, 'enode://9@127.0.0.1:1242': -2, 'enode://10@127.0.0.1:1243': 0, 'enode://11@127.0.0.1:1244': 0, 'enode://12@127.0.0.1:1245': 0, 'enode://13@127.0.0.1:1246': 0, 'enode://14@127.0.0.1:1247': -9, 'enode://15@127.0.0.1:1248': -8, 'enode://16@127.0.0.1:1249': 0, 'enode://17@127.0.0.1:1250': -5, 'enode://18@127.0.0.1:1251': 0, 'enode://19@127.0.0.1:1252': -4, 'enode://20@127.0.0.1:1253': -7}
13 1787111057.8 4541 None {'14': 275, '0': 0, '9': 16, '18': 152, '13': 397, '5': 213, '4': 182, '8': 250, '10': 56, '15': 231, '16': 202, '7': 165, '17': 185, '20': 306, '6': 95, '12': 209, '11': 307, '3': 313, '2': 175, '19': 303, '1': 346} {'enode://1@127.0.0.1:1234': -5, 'enode://2@127.0.0.1:1235': 0, 'enode://3@127.0.0.1:1236': 0, 'enode://4@127.0.0.1:1237': -10, 'enode://5@127.0.0.1:1238': -9, 'enode://6@127.0.0.1:1239': 0, 'enode://7@127.0.0.1:1240': -2, 'enode://8@127.0.0.1:1241': 0, 'enode://9@127.0.0.1:1242': -1, 'enode://10@127.0.0.1:1243': 0, 'enode://11@127.0.0.1:1244': 0, 'enode://12@127.0.0.1:1245': 0, 'enode://13@127.0.0.1:1246': 0, 'enode://14@127.0.0.1:1247': -8, 'enode://15@127.0.0.1:1248': -7, 'enode://16@127.0.0.1:1249': 0, 'enode://17@127.0.0.1:1250': -4, 'enode://18@127.0.0.1:1251': 0, 'enode://19@127.0.0.1:1252': -3, 'enode://20@127.0.0.1:1253': -6}
13 1787111057.8 4583 None {'14': 275, '0': 0, '9': 16, '18': 152, '13': 397, '5': 213, '4': 278, '8': 250, '10': 56, '15': 231, '16': 202, '7': 165, '17': 185, '20': 306, '6': 95, '12': 209, '11': 307, '3': 313, '2': 175, '19': 303, '1': 346} {'enode://1@127.0.0.1:1234': -4, 'enode://2@127.0.0.1:1235': 0, 'enode://3@127.0.0.1:1236': 0, 'enode://4@127.0.0.1:1237': -9, 'enode://5@127.0.0.1:1238': -8, 'enode://6@127.0.0.1:1239': 0, 'enode://7@127.0.0.1:1240': -1, 'enode://8@127.0.0.1:1241': 0, 'enode://9@127.0.0.1:1242': 0, 'enode://10@127.0.0.1:1243': 0, 'enode://11@127.0.0.1:1244': 0, 'enode://12@127.0.0.1:1245': 0, 'enode://13@127.0.0.1:1246': -10, 'enode://14@127.0.0.1:1247': -7, 'enode://15@127.0.0.1:1248': -6, 'enode://16@127.0.0.1:1249': 0, 'enode://17@127.0.0.1:1250': -3, 'enode://18@127.0.0.1:1251': 0, 'enode://19@127.0.0.1:1252': -2, 'enode://20@127.0.0.1:1253': -5}
13 1787111057.8 4736 None {'14': 275, '0': 0, '9': 16, '18': 152, '13': 438, '5': 213, '4': 278, '8': 250, '10': 56, '15': 231, '16': 202, '7': 165, '17': 185, '20': 306, '6': 95, '12': 209, '11': 307, '3': 313, '2': 175, '19': 303, '1': 346} {'enode://1@127.0.0.1:1234': -3, 'enode://2@127.0.0.1:1235': 0, 'enode://3@127.0.0.1:1236': 0, 'enode://4@127.0.0.1:1237': -8, 'enode://5@127.0.0.1:1238': -7, 'enode://6@127.0.0.1:1239': -10, 'enode://7@127.0.0.1:1240': 0, 'enode://8@127.0.0.1:1241': 0, 'enode://9@127.0.0.1:1242': 0, 'enode://10@127.0.0.1:1243': 0, 'enode://11@127.0.0.1:1244': 0, 'enode://12@127.0.0.1:1245': 0, 'enode://13@127.0.0.1:1246': -9, 'enode://14@127.0.0.1:1247': -6, 'enode://15@127.0.0.1:1248': -5, 'enode://16@127.0.0.1:1249': 0, 'enode://17@127.0.0.1:1250': -2, 'enode://18@127.0.0.1:1251': 0, 'enode://19@127.0.0.1:1252': -1, 'enode://20@127.0.0.1:1253': -4}
13 1787111057.8 4841 None {'14': 275, '0': 0, '9': 16, '18': 152, '13': 438, '5': 213, '4': 278, '8': 250, '10': 56, '15': 231, '16': 202, '7': 165, '17': 185, '20': 306, '6': 247, '12': 209, '11': 307, '3': 313, '2': 175, '19': 303, '1': 346} {'enode://1@127.0.0.1:1234': -2, 'enode://2@127.0.0.1:1235': 0, 'enode://3@127.0.0.1:1236': 0, 'enode://4@127.0.0.1:1237': -7, 'enode://5@127.0.0.1:1238': -6, 'enode://6@127.0.0.1:1239': -9, 'enode://7@127.0.0.1:1240': 0, 'enode://8@127.0.0.1:1241': 0, 'enode://9@127.0.0.1:1242': 0, 'enode://10@127.0.0.1:1243': 0, 'enode://11@127.0.0.1:1244': -10, 'enode://12@127.0.0.1:1245': 0, 'enode://13@127.0.0.1:1246': -8, 'enode://14@127.0.0.1:1247': -5, 'enode://15@127.0.0.1:1248': -4, 'enode://16@127.0.0.1:1249': 0, 'enode://17@127.0.0.1:1250': -1, 'enode://18@127.0.0.1:1251': 0, 'enode://19@127.0.0.1:1252': 0, 'enode://20@127.0.0.1:1253': -3}
13 1787111057.8 4866 None {'14': 275, '0': 0, '9': 16, '18': 152, '13': 438, '5': 213, '4': 278, '8': 250, '10': 56, '15': 231, '16': 202, '7': 165, '17': 185, '20': 306, '6': 247, '12': 209, '11': 411, '3': 313, '2': 175, '19': 303, '1': 346} {'enode://1@127.0.0.1:1234': -1, 'enode://2@127.0.0.1:1235': 0, 'enode://3@127.0.0.1:1236': 0, 'enode://4@127.0.0.1:1237': -6, 'enode://5@127.0.0.1:1238': -5, 'enode://6@127.0.0.1:1239': -8, 'enode://7@127.0.0.1:1240': 0, 'enode://8@127.0.0.1:1241': 0, 'enode://9@127.0.0.1:1242': 0, 'enode://10@127.0.0.1:1243': -10, 'enode://11@127.0.0.1:1244': -9, 'enode://12@127.0.0.1:1245': 0, 'enode://13@127.0.0.1:1246': -7, 'enode://14@127.0.0.1:1247': -4, 'enode://15@127.0.0.1:1248': -3, 'enode://16@127.0.0.1:1249': 0, 'enode://17@127.0.0.1:1250': 0, 'enode://18@127.0.0.1:1251': 0, 'enode://19@127.0.0.1:1252': 0, 'enode://20@127.0.0.1:1253': -2}
13 1787111057.8 4946 None {'14': 275, '0': 0, '9': 16, '18': 152, '13': 438, '5': 213, '4': 278, '8': 250, '10': 80, '15': 231, '16': 202, '7': 165, '17': 185, '20': 306, '6': 247, '12': 209, '11': 411, '3': 313, '2': 175, '19': 303, '1': 346} {'enode://1@127.0.0.1:1234': 0, 'enode://2@127.0.0.1:1235': 0, 'enode://3@127.0.0.1:1236': 0, 'enode://4@127.0.0.1:1237': -5, 'enode://5@127.0.0.1:1238': -4, 'enode://6@127.0.0.1:1239': -7, 'enode://7@127.0.0.1:1240': 0, 'enode://8@127.0.0.1:1241': 0, 'enode://9@127.0.0.1:1242': -10, 'enode://10@127.0.0.1:1243': -9, 'enode://11@127.0.0.1:1244': -8, 'enode://12@127.0.0.1:1245': 0, 'enode://13@127.0.0.1:1246': -6, 'enode://14@127.0.0.1:1247': -3, 'enode://15@127.0.0.1:1248': -2, 'enode://16@127.0.0.1:1249': 0, 'enode://17@127.0.0.1:1250': 0, 'enode://18@127.0.0.1:1251': 0, 'enode://19@127.0.0.1:1252': 0, 'enode://20@127.0.0.1:1253': -1}
13 1787111057.8 4960 None {'14': 275, '0': 0, '9': 95, '18': 152, '13': 438, '5': 213, '4': 278, '8': 250, '10': 80, '15': 231, '16': 202, '7': 165, '17': 185, '20': 306, '6': 247, '12': 209, '11': 411, '3': 313, '2': 175, '19': 303, '1': 346} {'enode://1@127.0.0.1:1234': 0, 'enode://2@127.0.0.1:1235': 0, 'enode://3@127.0.0.1:1236': 0, 'enode://4@127.0.0.1:1237': -4, 'enode://5@127.0.0.1:1238': -3, 'enode://6@127.0.0.1:1239': -6, 'enode://7@127.0.0.1:1240': 0, 'enode://8@127.0.0.1:1241': 0, 'enode://9@127.0.0.1:1242': -9, 'enode://10@127.0.0.1:1243': -8, 'enode://11@127.0.0.1:1244': -7, 'enode://12@127.0.0.1:1245': 0, 'enode://13@127.0.0.1:1246': -5, 'enode://14@127.0.0.1:1247': -2, 'enode://15@127.0.0.1:1248': -1, 'enode://16@127.0.0.1:1249': 0, 'enode://17@127.0.0.1:1250': 0, 'enode://18@127.0.0.1:1251': 0, 'enode://19@127.0.0.1:1252': -10, 'enode://20@127.0.0.1:1253': 0}
13 1787111057.8 4985 None {'14': 275, '0': 0, '9': 95, '18': 152, '13': 438, '5': 213, '4': 278, '8': 250, '10': 80, '15': 231, '16': 202, '7': 165, '17': 185, '20': 306, '6': 247, '12': 209, '11': 411, '3': 313, '2': 175, '19': 316, '1': 346} {'enode://1@127.0.0.1:1234': 0, 'enode://2@127.0.0.1:1235': 0, 'enode://3@127.0.0.1:1236': 0, 'enode://4@127.0.0.1:1237': -3, 'enode://5@127.0.0.1:1238': -2, 'enode://6@127.0.0.1:1239': -5, 'enode://7@127.0.0.1:1240': 0, 'enode://8@127.0.0.1:1241': 0, 'enode://9@127.0.0.1:1242': -8, 'enode://10@127.0.0.1:1243': -7, 'enode://11@127.0.0.1:1244': -6, 'enode://12@127.0.0.1:1245': 0, 'enode://13@127.0.0.1:1246': -4, 'enode://14@127.0.0.1:1247': -1, 'enode://15@127.0.0.1:1248': 0, 'enode://16@127.0.0.1:1249': 0, 'enode://17@127.0.0.1:1250': 0, 'enode://18@127.0.0.1:1251': 0, 'enode://19@127.0.0.1:1252': -9, 'enode://20@127.0.0.1:1253': -10}
13 1787111057.8 4990 None {'14': 275, '0': 0, '9': 95, '18': 152, '13': 438, '5': 213, '4': 278, '8': 250, '10': 80, '15': 231, '16': 202, '7': 165, '17': 185, '20': 330, '6': 247, '12': 209, '11': 411, '3': 313, '2': 175, '19': 316, '1': 346} {'enode://1@127.0.0.1:1234': 0, 'enode://2@127.0.0.1:1235': 0, 'enode://3@127.0.0.1:1236': -10, 'enode://4@127.0.0.1:1237': -2, 'enode://5@127.0.0.1:1238': -1, 'enode://6@127.0.0.1:1239': -4, 'enode://7@127.0.0.1:1240': 0, 'enode://8@127.0.0.1:1241': 0, 'enode://9@127.0.0.1:1242': -7, 'enode://10@127.0.0.1:1243': -6, 'enode://11@127.0.0.1:1244': -5, 'enode://12@127.0.0.1:1245': 0, 'enode://13@127.0.0.1:1246': -3, 'enode://14@127.0.0.1:1247': 0, 'enode://15@127.0.0.1:1248': 0, 'enode://16@127.0.0.1:1249': 0, 'enode://17@127.0.0.1:1250': 0, 'enode://18@127.0.0.1:1251': 0, 'enode://19@127.0.0.1:1252': -8, 'enode://20@127.0.0.1:1253': -9}
13 1787111057.8 5172 None {'14': 275, '0': 0, '9': 95, '18': 152, '13': 438, '5': 213, '4': 278, '8': 250, '10': 80, '15': 231, '16': 202, '7': 165, '17': 185, '20': 330, '6': 247, '12': 209, '11': 411, '3': 317, '2': 175, '19': 316, '1': 346} {'enode://1@127.0.0.1:1234': 0, 'enode://2@127.0.0.1:1235': 0, 'enode://3@127.0.0.1:1236': -9, 'enode://4@127.0.0.1:1237': -1, 'enode://5@127.0.0.1:1238': 0, 'enode://6@127.0.0.1:1239': -3, 'enode://7@127.0.0.1:1240': 0, 'enode://8@127.0.0.1:1241': -10, 'enode://9@127.0.0.1:1242': -6, 'enode://10@127.0.0.1:1243': -5, 'enode://11@127.0.0.1:1244': -4, 'enode://12@127.0.0.1:1245': 0, 'enode://13@127.0.0.1:1246': -2, 'enode://14@127.0.0.1:1247': 0, 'enode://15@127.0.0.1:1248': 0, 'enode://16@127.0.0.1:1249': 0, 'enode://17@127.0.0.1:1250': 0, 'enode://18@127.0.0.1:1251': 0, 'enode://19@127.0.0.1:1252': -7, 'enode://20@127.0.0.1:1253': -8}
13 1787111057.8 5201 None {'14': 275, '0': 0, '9': 95, '18': 152, '13': 438, '5': 213, '4': 278, '8': 431, '10': 80, '15': 231, '16': 202, '7': 165, '17': 185, '20': 330, '6': 247, '12': 209, '11': 411, '3': 317, '2': 175, '19': 316, '1': 346} {'enode://1@127.0.0.1:1234': 0, 'enode://2@127.0.0.1:1235': 0, 'enode://3@127.0.0.1:1236': -8, 'enode://4@127.0.0.1:1237': 0, 'enode://5@127.0.0.1:1238': 0, 'enode://6@127.0.0.1:1239': -2, 'enode://7@127.0.0.1:1240': 0, 'enode://8@127.0.0.1:1241': -9, 'enode://9@127.0.0.1:1242': -5, 'enode://10@127.0.0.1:1243': -4, 'enode://11@127.0.0.1:1244': -3, 'enode://12@127.0.0.1:1245': 0, 'enode://13@127.0.0.1:1246': -1, 'enode://14@127.0.0.1:1247': 0, 'enode://15@127.0.0.1:1248': 0, 'enode://16@127.0.0.1:1249': 0, 'enode://17@127.0.0.1:1250': -10, 'enode://18@127.0.0.1:1251': 0, 'enode://19@127.0.0.1:1252': -6, 'enode://20@127.0.0.1:1253': -7}
13 1787111057.801 5238 None {'14': 275, '0': 0, '9': 95, '18': 152, '13': 438, '5': 213, '4': 278, '8': 431, '10': 80, '15': 231, '16': 202, '7': 165, '17': 213, '20': 330, '6': 247, '12': 209, '11': 411, '3': 317, '2': 175, '19': 316, '1': 346} {'enode://1@127.0.0.1:1234': 0, 'enode://2@127.0.0.1:1235': 0, 'enode://3@127.0.0.1:1236': -7, 'enode://4@127.0.0.1:1237': 0, 'enode://5@127.0.0.1:1238': 0, 'enode://6@127.0.0.1:1239': -1, 'enode://7@127.0.0.1:1240': -10, 'enode://8@127.0.0.1:1241': -8, 'enode://9@127.0.0.1:1242': -4, 'enode://10@127.0.0.1:1243': -3, 'enode://11@127.0.0.1:1244': -2, 'enode://12@127.0.0.1:1245': 0, 'enode://13@127.0.0.1:1246': 0, 'enode://14@127.0.0.1:1247': 0, 'enode://15@127.0.0.1:1248': 0, 'enode://16@127.0.0.1:1249': 0, 'enode://17@127.0.0.1:1250': -9, 'enode://18@127.0.0.1:1251': 0, 'enode://19@127.0.0.1:1252': -5, 'enode://20@127.0.0.1:1253': -6}
13 1787111057.801 5292 None {'14': 275, '0': 0, '9': 95, '18': 152, '13': 438, '5': 213, '4': 278, '8': 431, '10': 80, '15': 231, '16': 202, '7': 201, '17': 213, '20': 330, '6': 247, '12': 209, '11': 411, '3': 317, '2': 175, '19': 316, '1': 346} {'enode://1@127.0.0.1:1234': 0, 'enode://2@127.0.0.1:1235': 0, 'enode://3@127.0.0.1:1236': -6, 'enode://4@127.0.0.1:1237': 0, 'enode://5@127.0.0.1:1238': 0, 'enode://6@127.0.0.1:1239': 0, 'enode://7@127.0.0.1:1240': -9, 'enode://8@127.0.0.1:1241': -7, 'enode://9@127.0.0.1:1242': -3, 'enode://10@127.0.0.1:1243': -2, 'enode://11@127.0.0.1:1244': -1, 'enode://12@127.0.0.1:1245': 0, 'enode://13@127.0.0.1:1246': 0, 'enode://14@127.0.0.1:1247': -10, 'enode://15@127.0.0.1:1248': 0, 'enode://16@127.0.0.1:1249': 0, 'enode://17@127.0.0.1:1250': -8, 'enode://18@127.0.0.1:1251': 0, 'enode://19@127.0.0.1:1252': -4, 'enode://20@127.0.0.1:1253': -5}
13 1787111057.801 5296 None {'14': 328, '0': 0, '9': 95, '18': 152, '13': 438, '5': 213, '4': 278, '8': 431, '10': 80, '15': 231, '16': 202, '7': 201, '17': 213, '20': 330, '6': 247, '12': 209, '11': 411, '3': 317, '2': 175, '19': 316, '1': 346} {'enode://1@127.0.0.1:1234': 0, 'enode://2@127.0.0.1:1235': 0, 'enode://3@127.0.0.1:1236': -5, 'enode://4@127.0.0.1:1237': 0, 'enode://5@127.0.0.1:1238': 0, 'enode://6@127.0.0.1:1239': 0, 'enode://7@127.0.0.1:1240': -8, 'enode://8@127.0.0.1:1241': -6, 'enode://9@127.0.0.1:1242': -2, 'enode://10@127.0.0.1:1243': -1, 'enode://11@127.0.0.1:1244': 0, 'enode://12@127.0.0.1:1245': 0, 'enode://13@127.0.0.1:1246': -10, 'enode://14@127.0.0.1:1247': -9, 'enode://15@127.0.0.1:1248': 0, 'enode://16@127.0.0.1:1249': 0, 'enode://17@127.0.0.1:1250': -7, 'enode://18@127.0.0.1:1251': 0, 'enode://19@127.0.0.1:1252': -3, 'enode://20@127.0.0.1:1253': -4}
13 1787111057.801 5307 None {'14': 328, '0': 0, '9': 95, '18': 152, '13': 441, '5': 213, '4': 278, '8': 431, '10': 80, '15': 231, '16': 202, '7': 201, '17': 213, '20': 330, '6': 247, '12': 209, '11': 411, '3': 317, '2': 175, '19': 316, '1': 346} {'enode://1@127.0.0.1:1234': 0, 'enode://2@127.0.0.1:1235': 0, 'enode://3@127.0.0.1:1236': -4, 'enode://4@127.0.0.1:1237': 0, 'enode://5@127.0.0.1:1238': 0, 'enode://6@127.0.0.1:1239': 0, 'enode://7@127.0.0.1:1240': -7, 'enode://8@127.0.0.1:1241': -5, 'enode://9@127.0.0.1:1242': -1, 'enode://10@127.0.0.1:1243': 0, 'enode://11@127.0.0.1:1244': 0, 'enode://12@127.0.0.1:1245': 0, 'enode://13@127.0.0.1:1246': -9, 'enode://14@127.0.0.1:1247': -8, 'enode://15@127.0.0.1:1248': -10, 'enode://16@127.0.0.1:1249': 0, 'enode://17@127.0.0.1:1250': -6, 'enode://18@127.0.0.1:1251': 0, 'enode://19@127.0.0.1:1252': -2, 'enode://20@127.0.0.1:1253': -3}
13 1787111057.801 5456 None {'14': 328, '0': 0, '9': 95, '18': 152, '13': 441, '5': 213, '4': 278, '8': 431, '10': 80, '15': 241, '16': 202, '7': 201, '17': 213, '20': 330, '6': 247, '12': 209, '11': 411, '3': 317, '2': 175, '19': 316, '1': 346} {'enode://1@127.0.0.1:1234': 0, 'enode://2@127.0.0.1:1235': 0, 'enode://3@127.0.0.1:1236': -3, 'enode://4@127.0.0.1:1237': 0, 'enode://5@127.0.0.1:1238': 0, 'enode://6@127.0.0.1:1239': 0, 'enode://7@127.0.0.1:1240': -6, 'enode://8@127.0.0.1:1241': -4, 'enode://9@127.0.0.1:1242': 0, 'enode://10@127.0.0.1:1243': 0, 'enode://11@127.0.0.1:1244': -10, 'enode://12@127.0.0.1:1245': 0, 'enode://13@127.0.0.1:1246': -8, 'enode://14@127.0.0.1:1247': -7, 'enode://15@127.0.0.1:1248': -9, 'enode://16@127.0.0.1:1249': 0, 'enode://17@127.0.0.1:1250': -5, 'enode://18@127.0.0.1:1251': 0, 'enode://19@127.0.0.1:1252': -1, 'enode://20@127.0.0.1:1253': -2}
13 1787111057.801 5491 None {'14': 328, '0': 0, '9': 95, '18': 152, '13': 441, '5': 213, '4': 278, '8': 431, '10': 80, '15': 241, '16': 202, '7': 201, '17': 213, '20': 330, '6': 247, '12': 209, '11': 559, '3': 317, '2': 175, '19': 316, '1': 346} {'enode://1@127.0.0.1:1234': 0, 'enode://2@127.0.0.1:1235': 0, 'enode://3@127.0.0.1:1236': -2, 'enode://4@127.0.0.1:1237': -10, 'enode://5@127.0.0.1:1238': 0, 'enode://6@127.0.0.1:1239': 0, 'enode://7@127.0.0.1:1240': -5, 'enode://8@127.0.0.1:1241': -3, 'enode://9@127.0.0.1:1242': 0, 'enode://10@127.0.0.1:1243': 0, 'enode://11@127.0.0.1:1244': -9, 'enode://12@127.0.0.1:1245': 0, 'enode://13@127.0.0.1:1246': -7, 'enode://14@127.0.0.1:1247': -6, 'enode://15@127.0.0.1:1248': -8, 'enode://16@127.0.0.1:1249': 0, 'enode://17@127.0.0.1:1250': -4, 'enode://18@127.0.0.1:1251': 0, 'enode://19@127.0.0.1:1252': 0, 'enode://20@127.0.0.1:1253': -1}
13 1787111057.801 5521 None {'14': 328, '0': 0, '9': 95, '18': 152, '13': 441, '5': 213, '4': 312, '8': 431, '10': 80, '15': 241, '16': 202, '7': 201, '17': 213, '20': 330, '6': 247, '12': 209, '11': 559, '3': 317, '2': 175, '19': 316, '1': 346} {'enode://1@127.0.0.1:1234': 0, 'enode://2@127.0.0.1:1235': 0, 'enode://3@127.0.0.1:1236': -1, 'enode://4@127.0.0.1:1237': -9, 'enode://5@127.0.0.1:1238': 0, 'enode://6@127.0.0.1:1239': 0, 'enode://7@127.0.0.1:1240': -4, 'enode://8@127.0.0.1:1241': -2, 'enode://9@127.0.0.1:1242': -10, 'enode://10@127.0.0.1:1243': 0, 'enode://11@127.0.0.1:1244': -8, 'enode://12@127.0.0.1:1245': 0, 'enode://13@127.0.0.1:1246': -6, 'enode://14@127.0.0.1:1247': -5, 'enode://15@127.0.0.1:1248': -7, 'enode://16@127.0.0.1:1249': 0, 'enode://17@127.0.0.1:1250': -3, 'enode://18@127.0.0.1:1251': 0, 'enode://19@127.0.0.1:1252': 0, 'enode://20@127.0.0.1:1253': 0}
13 1787111057.801 5544 None {'14': 328, '0': 0, '9': 124, '18': 152, '13': 441, '5': 213, '4': 312, '8': 431, '10': 80, '15': 241, '16': 202, '7': 201, '17': 213, '20': 330, '6': 247, '12': 209, '11': 559, '3': 317, '2': 175, '19': 316, '1': 346} {'enode://1@127.0.0.1:1234': 0, 'enode://2@127.0.0.1:1235': 0, 'enode://3@127.0.0.1:1236': 0, 'enode://4@127.0.0.1:1237': -8, 'enode://5@127.0.0.1:1238': -10, 'enode://6@127.0.0.1:1239': 0, 'enode://7@127.0.0.1:1240': -3, 'enode://8@127.0.0.1:1241': -1, 'enode://9@127.0.0.1:1242': -9, 'enode://10@127.0.0.1:1243': 0, 'enode://11@127.0.0.1:1244': -7, 'enode://12@127.0.0.1:1245': 0, 'enode://13@127.0.0.1:1246': -5, 'enode://14@127.0.0.1:1247': -4, 'enode://15@127.0.0.1:1248': -6, 'enode://16@127.0.0.1:1249': 0, 'enode://17@127.0.0.1:1250': -2, 'enode://18@127.0.0.1:1251': 0, 'enode://19@127.0.0.1:1252': 0, 'enode://20@127.0.0.1:1253': 0}
13 1787111057.801 5631 None {'14': 328, '0': 0, '9': 124, '18': 152, '13': 441, '5': 235, '4': 312, '8': 431, '10': 80, '15': 241, '16': 202, '7': 201, '17': 213, '20': 330, '6': 247, '12': 209, '11': 559, '3': 317, '2': 175, '19': 316, '1': 346} {'enode://1@127.0.0.1:1234': 0, 'enode://2@127.0.0.1:1235': 0, 'enode://3@127.0.0.1:1236': 0, 'enode://4@127.0.0.1:1237': -7, 'enode://5@127.0.0.1:1238': -9, 'enode://6@127.0.0.1:1239': -10, 'enode://7@127.0.0.1:1240': -2, 'enode://8@127.0.0.1:1241': 0, 'enode://9@127.0.0.1:1242': -8, 'enode://10@127.0.0.1:1243': 0, 'enode://11@127.0.0.1:1244': -6, 'enode://12@127.0.0.1:1245': 0, 'enode://13@127.0.0.1:1246': -4, 'enode://14@127.0.0.1:1247': -3, 'enode://15@127.0.0.1:1248': -5, 'enode://16@127.0.0.1:1249': 0, 'enode://17@127.0.0.1:1250': -1, 'enode://18@127.0.0.1:1251': 0, 'enode://19@127.0.0.1:1252': 0, 'enode://20@127.0.0.1:1253': 0}
