ID TIME n private balances connectivity
21 1786841657.822 0 {} {} {'enode://1@127.0.0.1:1234': 0, 'enode://2@127.0.0.1:1235': 0, 'enode://3@127.0.0.1:1236': 0, 'enode://4@127.0.0.1:1237': 0, 'enode://5@127.0.0.1:1238': 0, 'enode://6@127.0.0.1:1239': 0, 'enode://7@127.0.0.1:1240': 0, 'enode://8@127.0.0.1:1241': 0, 'enode://9@127.0.0.1:1242': 0, 'enode://10@127.0.0.1:1243': 0, 'enode://11@127.0.0.1:1244': 0, 'enode://12@127.0.0.1:1245': 0, 'enode://13@127.0.0.1:1246': 0, 'enode://14@127.0.0.1:1247': 0, 'enode://15@127.0.0.1:1248': 0, 'enode://16@127.0.0.1:1249': 0, 'enode://17@127.0.0.1:1250': 0, 'enode://18@127.0.0.1:1251': 0, 'enode://19@127.0.0.1:1252': 0, 'enode://20@127.0.0.1:1253': 0, 'enode://21@127.0.0.1:1254': 0, 'enode://22@127.0.0.1:1255': 0, 'enode://23@127.0.0.1:1256': 0, 'enode://24@127.0.0.1:1257': 0, 'enode://25@127.0.0.1:1258': 0}
21 1786841657.822 1 {} {'21': 0, '0': 0} {'enode://1@127.0.0.1:1234': 0, 'enode://2@127.0.0.1:1235': 0, 'enode://3@127.0.0.1:1236': 0, 'enode://4@127.0.0.1:1237': 0, 'enode://5@127.0.0.1:1238': 0, 'enode://6@127.0.0.1:1239': 0, 'enode://7@127.0.0.1:1240': 0, 'enode://8@127.0.0.1:1241': 0, 'enode://9@127.0.0.1:1242': 0, 'enode://10@127.0.0.1:1243': 0, 'enode://11@127.0.0.1:1244': 0, 'enode://12@127.0.0.1:1245': 0, 'enode://13@127.0.0.1:1246': 0, 'enode://14@127.0.0.1:1247': 0, 'enode://15@127.0.0.1:1248': 0, 'enode://16@127.0.0.1:1249': 0, 'enode://17@127.0.0.1:1250': 0, 'enode://18@127.0.0.1:1251': 0, 'enode://19@127.0.0.1:1252': 0, 'enode://20@127.0.0.1:1253': 0, 'enode://21@127.0.0.1:1254': -12, 'enode://22@127.0.0.1:1255': 0, 'enode://23@127.0.0.1:1256': 0, 'enode://24@127.0.0.1:1257': 0, 'enode://25@127.0.0.1:1258': 0}
21 1786841657.822 276 None {'21': 1, '0': 0, '2': 0, '11': 0, '4': 0, '9': 0, '16': 0, '6': 0, '13': 0, '12': 0, '22': 0, '8': 0, '23': 0, '17': 0, '19': 0, '10': 0, '7': 0} {'enode://1@127.0.0.1:1234': 0, 'enode://2@127.0.0.1:1235': -12, 'enode://3@127.0.0.1:1236': 0, 'enode://4@127.0.0.1:1237': 7, 'enode://5@127.0.0.1:1238': 0, 'enode://6@127.0.0.1:1239': 8, 'enode://7@127.0.0.1:1240': 5, 'enode://8@127.0.0.1:1241': 9, 'enode://9@127.0.0.1:1242': 11, 'enode://10@127.0.0.1:1243': 5, 'enode://11@127.0.0.1:1244': 9, 'enode://12@127.0.0.1:1245': 6, 'enode://13@127.0.0.1:1246': 11, 'enode://14@127.0.0.1:1247': 0, 'enode://15@127.0.0.1:1248': 0, 'enode://16@127.0.0.1:1249': 5, 'enode://17@127.0.0.1:1250': 7, 'enode://18@127.0.0.1:1251': 0, 'enode://19@127.0.0.1:1252': 5, 'enode://20@127.0.0.1:1253': 0, 'enode://21@127.0.0.1:1254': -11, 'enode://22@127.0.0.1:1255': 9, 'enode://23@127.0.0.1:1256': 8, 'enode://24@127.0.0.1:1257': 0, 'enode://25@127.0.0.1:1258': 0}
21 1786841657.822 500 None {'21': 1, '0': 0, '2': 274, '11': 0, '4': 0, '9': 0, '16': 0, '6': 0, '13': 0, '12': 0, '22': 0, '8': 0, '23': 0, '17': 0, '19': 0, '10': 0, '7': 0, '3': 0, '25': 0, '5': 0, '24': 0, '14': 0} {'enode://1@127.0.0.1:1234': 0, 'enode://2@127.0.0.1:1235': -11, 'enode://3@127.0.0.1:1236': 3, 'enode://4@127.0.0.1:1237': 10, 'enode://5@127.0.0.1:1238': 2, 'enode://6@127.0.0.1:1239': 9, 'enode://7@127.0.0.1:1240': 5, 'enode://8@127.0.0.1:1241': 10, 'enode://9@127.0.0.1:1242': -12, 'enode://10@127.0.0.1:1243': 8, 'enode://11@127.0.0.1:1244': 10, 'enode://12@127.0.0.1:1245': 9, 'enode://13@127.0.0.1:1246': 12, 'enode://14@127.0.0.1:1247': 3, 'enode://15@127.0.0.1:1248': 0, 'enode://16@127.0.0.1:1249': 5, 'enode://17@127.0.0.1:1250': 9, 'enode://18@127.0.0.1:1251': 0, 'enode://19@127.0.0.1:1252': 8, 'enode://20@127.0.0.1:1253': 0, 'enode://21@127.0.0.1:1254': -10, 'enode://22@127.0.0.1:1255': 11, 'enode://23@127.0.0.1:1256': 8, 'enode://24@127.0.0.1:1257': 4, 'enode://25@127.0.0.1:1258': 6}
21 1786841657.822 738 None {'21': 1, '0': 0, '2': 274, '11': 0, '4': 0, '9': 223, '16': 0, '6': 0, '13': 0, '12': 0, '22': 0, '8': 0, '23': 0, '17': 0, '19': 0, '10': 0, '7': 0, '3': 0, '25': 0, '5': 0, '24': 0, '14': 0, '15': 0, '1': 0, '20': 0, '18': 0} {'enode://1@127.0.0.1:1234': 3, 'enode://2@127.0.0.1:1235': -10, 'enode://3@127.0.0.1:1236': 5, 'enode://4@127.0.0.1:1237': 13, 'enode://5@127.0.0.1:1238': 5, 'enode://6@127.0.0.1:1239': 9, 'enode://7@127.0.0.1:1240': 5, 'enode://8@127.0.0.1:1241': 12, 'enode://9@127.0.0.1:1242': -11, 'enode://10@127.0.0.1:1243': 9, 'enode://11@127.0.0.1:1244': 10, 'enode://12@127.0.0.1:1245': 9, 'enode://13@127.0.0.1:1246': -12, 'enode://14@127.0.0.1:1247': 3, 'enode://15@127.0.0.1:1248': 5, 'enode://16@127.0.0.1:1249': 6, 'enode://17@127.0.0.1:1250': 9, 'enode://18@127.0.0.1:1251': 3, 'enode://19@127.0.0.1:1252': 8, 'enode://20@127.0.0.1:1253': 3, 'enode://21@127.0.0.1:1254': -9, 'enode://22@127.0.0.1:1255': 12, 'enode://23@127.0.0.1:1256': 9, 'enode://24@127.0.0.1:1257': 4, 'enode://25@127.0.0.1:1258': 7}
21 1786841657.822 913 None {'21': 1, '0': 0, '2': 274, '11': 0, '4': 0, '9': 223, '16': 0, '6': 0, '13': 237, '12': 0, '22': 0, '8': 0, '23': 0, '17': 0, '19': 0, '10': 0, '7': 0, '3': 0, '25': 0, '5': 0, '24': 0, '14': 0, '15': 0, '1': 0, '20': 0, '18': 0} {'enode://1@127.0.0.1:1234': 3, 'enode://2@127.0.0.1:1235': -9, 'enode://3@127.0.0.1:1236': 7, 'enode://4@127.0.0.1:1237': -12, 'enode://5@127.0.0.1:1238': 6, 'enode://6@127.0.0.1:1239': 9, 'enode://7@127.0.0.1:1240': 5, 'enode://8@127.0.0.1:1241': 13, 'enode://9@127.0.0.1:1242': -10, 'enode://10@127.0.0.1:1243': 8, 'enode://11@127.0.0.1:1244': 10, 'enode://12@127.0.0.1:1245': 9, 'enode://13@127.0.0.1:1246': -11, 'enode://14@127.0.0.1:1247': 2, 'enode://15@127.0.0.1:1248': 5, 'enode://16@127.0.0.1:1249': 6, 'enode://17@127.0.0.1:1250': 9, 'enode://18@127.0.0.1:1251': 3, 'enode://19@127.0.0.1:1252': 7, 'enode://20@127.0.0.1:1253': 3, 'enode://21@127.0.0.1:1254': -8, 'enode://22@127.0.0.1:1255': 13, 'enode://23@127.0.0.1:1256': 9, 'enode://24@127.0.0.1:1257': 6, 'enode://25@127.0.0.1:1258': 7}
21 1786841657.822 974 None {'21': 1, '0': 0, '2': 274, '11': 0, '4': 174, '9': 223, '16': 0, '6': 0, '13': 237, '12': 0, '22': 0, '8': 0, '23': 0, '17': 0, '19': 0, '10': 0, '7': 0, '3': 0, '25': 0, '5': 0, '24': 0, '14': 0, '15': 0, '1': 0, '20': 0, '18': 0} {'enode://1@127.0.0.1:1234': 0, 'enode://2@127.0.0.1:1235': -8, 'enode://3@127.0.0.1:1236': 7, 'enode://4@127.0.0.1:1237': -11, 'enode://5@127.0.0.1:1238': 6, 'enode://6@127.0.0.1:1239': 8, 'enode://7@127.0.0.1:1240': 5, 'enode://8@127.0.0.1:1241': -12, 'enode://9@127.0.0.1:1242': -9, 'enode://10@127.0.0.1:1243': 6, 'enode://11@127.0.0.1:1244': 8, 'enode://12@127.0.0.1:1245': 7, 'enode://13@127.0.0.1:1246': -10, 'enode://14@127.0.0.1:1247': 3, 'enode://15@127.0.0.1:1248': 2, 'enode://16@127.0.0.1:1249': 6, 'enode://17@127.0.0.1:1250': 9, 'enode://18@127.0.0.1:1251': 0, 'enode://19@127.0.0.1:1252': 5, 'enode://20@127.0.0.1:1253': 0, 'enode://21@127.0.0.1:1254': -7, 'enode://22@127.0.0.1:1255': 11, 'enode://23@127.0.0.1:1256': 8, 'enode://24@127.0.0.1:1257': 7, 'enode://25@127.0.0.1:1258': 7}
21 1786841657.822 1256 None {'21': 1, '0': 0, '2': 274, '11': 0, '4': 174, '9': 223, '16': 0, '6': 0, '13': 237, '12': 0, '22': 0, '8': 60, '23': 0, '17': 0, '19': 0, '10': 0, '7': 0, '3': 0, '25': 0, '5': 0, '24': 0, '14': 0, '15': 0, '1': 0, '20': 0, '18': 0} {'enode://1@127.0.0.1:1234': 1, 'enode://2@127.0.0.1:1235': -7, 'enode://3@127.0.0.1:1236': 8, 'enode://4@127.0.0.1:1237': -10, 'enode://5@127.0.0.1:1238': 6, 'enode://6@127.0.0.1:1239': 6, 'enode://7@127.0.0.1:1240': 6, 'enode://8@127.0.0.1:1241': -11, 'enode://9@127.0.0.1:1242': -8, 'enode://10@127.0.0.1:1243': 7, 'enode://11@127.0.0.1:1244': 8, 'enode://12@127.0.0.1:1245': 7, 'enode://13@127.0.0.1:1246': -9, 'enode://14@127.0.0.1:1247': 4, 'enode://15@127.0.0.1:1248': 3, 'enode://16@127.0.0.1:1249': 7, 'enode://17@127.0.0.1:1250': 8, 'enode://18@127.0.0.1:1251': 1, 'enode://19@127.0.0.1:1252': 4, 'enode://20@127.0.0.1:1253': 4, 'enode://21@127.0.0.1:1254': -6, 'enode://22@127.0.0.1:1255': -12, 'enode://23@127.0.0.1:1256': 6, 'enode://24@127.0.0.1:1257': 9, 'enode://25@127.0.0.1:1258': 8}
21 1786841657.822 1426 None {'21': 1, '0': 0, '2': 274, '11': 0, '4': 174, '9': 223, '16': 0, '6': 0, '13': 237, '12': 0, '22': 281, '8': 60, '23': 0, '17': 0, '19': 0, '10': 0, '7': 0, '3': 0, '25': 0, '5': 0, '24': 0, '14': 0, '15': 0, '1': 0, '20': 0, '18': 0} {'enode://1@127.0.0.1:1234': 1, 'enode://2@127.0.0.1:1235': -6, 'enode://3@127.0.0.1:1236': 8, 'enode://4@127.0.0.1:1237': -9, 'enode://5@127.0.0.1:1238': 6, 'enode://6@127.0.0.1:1239': 4, 'enode://7@127.0.0.1:1240': 5, 'enode://8@127.0.0.1:1241': -10, 'enode://9@127.0.0.1:1242': -7, 'enode://10@127.0.0.1:1243': 7, 'enode://11@127.0.0.1:1244': 9, 'enode://12@127.0.0.1:1245': 7, 'enode://13@127.0.0.1:1246': -8, 'enode://14@127.0.0.1:1247': 4, 'enode://15@127.0.0.1:1248': 3, 'enode://16@127.0.0.1:1249': 7, 'enode://17@127.0.0.1:1250': 7, 'enode://18@127.0.0.1:1251': 1, 'enode://19@127.0.0.1:1252': 5, 'enode://20@127.0.0.1:1253': 4, 'enode://21@127.0.0.1:1254': -5, 'enode://22@127.0.0.1:1255': -11, 'enode://23@127.0.0.1:1256': 4, 'enode://24@127.0.0.1:1257': -12, 'enode://25@127.0.0.1:1258': 8}
21 1786841657.822 1553 None {'21': 1, '0': 0, '2': 274, '11': 0, '4': 174, '9': 223, '16': 0, '6': 0, '13': 237, '12': 0, '22': 281, '8': 60, '23': 0, '17': 0, '19': 0, '10': 0, '7': 0, '3': 0, '25': 0, '5': 0, '24': 169, '14': 0, '15': 0, '1': 0, '20': 0, '18': 0} {'enode://1@127.0.0.1:1234': 1, 'enode://2@127.0.0.1:1235': -5, 'enode://3@127.0.0.1:1236': 7, 'enode://4@127.0.0.1:1237': -8, 'enode://5@127.0.0.1:1238': 5, 'enode://6@127.0.0.1:1239': 3, 'enode://7@127.0.0.1:1240': 7, 'enode://8@127.0.0.1:1241': -9, 'enode://9@127.0.0.1:1242': -6, 'enode://10@127.0.0.1:1243': 8, 'enode://11@127.0.0.1:1244': -12, 'enode://12@127.0.0.1:1245': 7, 'enode://13@127.0.0.1:1246': -7, 'enode://14@127.0.0.1:1247': 4, 'enode://15@127.0.0.1:1248': 5, 'enode://16@127.0.0.1:1249': 8, 'enode://17@127.0.0.1:1250': 6, 'enode://18@127.0.0.1:1251': 1, 'enode://19@127.0.0.1:1252': 5, 'enode://20@127.0.0.1:1253': 4, 'enode://21@127.0.0.1:1254': -4, 'enode://22@127.0.0.1:1255': -10, 'enode://23@127.0.0.1:1256': 5, 'enode://24@127.0.0.1:1257': -11, 'enode://25@127.0.0.1:1258': 8}
21 1786841657.822 1842 None {'21': 1, '0': 0, '2': 274, '11': 126, '4': 174, '9': 223, '16': 0, '6': 0, '13': 237, '12': 0, '22': 281, '8': 60, '23': 0, '17': 0, '19': 0, '10': 0, '7': 0, '3': 0, '25': 0, '5': 0, '24': 169, '14': 0, '15': 0, '1': 0, '20': 0, '18': 0} {'enode://1@127.0.0.1:1234': 0, 'enode://2@127.0.0.1:1235': -4, 'enode://3@127.0.0.1:1236': 9, 'enode://4@127.0.0.1:1237': -7, 'enode://5@127.0.0.1:1238': 3, 'enode://6@127.0.0.1:1239': 1, 'enode://7@127.0.0.1:1240': 8, 'enode://8@127.0.0.1:1241': -8, 'enode://9@127.0.0.1:1242': -5, 'enode://10@127.0.0.1:1243': 7, 'enode://11@127.0.0.1:1244': -11, 'enode://12@127.0.0.1:1245': 7, 'enode://13@127.0.0.1:1246': -6, 'enode://14@127.0.0.1:1247': 2, 'enode://15@127.0.0.1:1248': 6, 'enode://16@127.0.0.1:1249': -12, 'enode://17@127.0.0.1:1250': 8, 'enode://18@127.0.0.1:1251': 1, 'enode://19@127.0.0.1:1252': 6, 'enode://20@127.0.0.1:1253': 3, 'enode://21@127.0.0.1:1254': -3, 'enode://22@127.0.0.1:1255': -9, 'enode://23@127.0.0.1:1256': 6, 'enode://24@127.0.0.1:1257': -10, 'enode://25@127.0.0.1:1258': 10}
21 1786841657.822 2205 None {'21': 1, '0': 0, '2': 274, '11': 126, '4': 174, '9': 223, '16': 288, '6': 0, '13': 237, '12': 0, '22': 281, '8': 60, '23': 0, '17': 0, '19': 0, '10': 0, '7': 0, '3': 0, '25': 0, '5': 0, '24': 169, '14': 0, '15': 0, '1': 0, '20': 0, '18': 0} {'enode://1@127.0.0.1:1234': 0, 'enode://2@127.0.0.1:1235': -3, 'enode://3@127.0.0.1:1236': -12, 'enode://4@127.0.0.1:1237': -6, 'enode://5@127.0.0.1:1238': 2, 'enode://6@127.0.0.1:1239': 0, 'enode://7@127.0.0.1:1240': 7, 'enode://8@127.0.0.1:1241': -7, 'enode://9@127.0.0.1:1242': -4, 'enode://10@127.0.0.1:1243': 6, 'enode://11@127.0.0.1:1244': -10, 'enode://12@127.0.0.1:1245': 10, 'enode://13@127.0.0.1:1246': -5, 'enode://14@127.0.0.1:1247': 3, 'enode://15@127.0.0.1:1248': 5, 'enode://16@127.0.0.1:1249': -11, 'enode://17@127.0.0.1:1250': 8, 'enode://18@127.0.0.1:1251': 3, 'enode://19@127.0.0.1:1252': 10, 'enode://20@127.0.0.1:1253': 2, 'enode://21@127.0.0.1:1254': -2, 'enode://22@127.0.0.1:1255': -8, 'enode://23@127.0.0.1:1256': 4, 'enode://24@127.0.0.1:1257': -9, 'enode://25@127.0.0.1:1258': 8}
21 1786841657.823 2321 None {'21': 1, '0': 0, '2': 274, '11': 126, '4': 174, '9': 223, '16': 288, '6': 0, '13': 237, '12': 0, '22': 281, '8': 60, '23': 0, '17': 0, '19': 0, '10': 0, '7': 0, '3': 362, '25': 0, '5': 0, '24': 169, '14': 0, '15': 0, '1': 0, '20': 0, '18': 0} {'enode://1@127.0.0.1:1234': 0, 'enode://2@127.0.0.1:1235': -2, 'enode://3@127.0.0.1:1236': -11, 'enode://4@127.0.0.1:1237': -5, 'enode://5@127.0.0.1:1238': 0, 'enode://6@127.0.0.1:1239': 0, 'enode://7@127.0.0.1:1240': 6, 'enode://8@127.0.0.1:1241': -6, 'enode://9@127.0.0.1:1242': -3, 'enode://10@127.0.0.1:1243': 0, 'enode://11@127.0.0.1:1244': -9, 'enode://12@127.0.0.1:1245': -12, 'enode://13@127.0.0.1:1246': -4, 'enode://14@127.0.0.1:1247': 0, 'enode://15@127.0.0.1:1248': 3, 'enode://16@127.0.0.1:1249': -10, 'enode://17@127.0.0.1:1250': 5, 'enode://18@127.0.0.1:1251': 1, 'enode://19@127.0.0.1:1252': 9, 'enode://20@127.0.0.1:1253': 0, 'enode://21@127.0.0.1:1254': -1, 'enode://22@127.0.0.1:1255': -7, 'enode://23@127.0.0.1:1256': 0, 'enode://24@127.0.0.1:1257': -8, 'enode://25@127.0.0.1:1258': 5}
21 1786841657.823 2380 None {'21': 1, '0': 0, '2': 274, '11': 126, '4': 174, '9': 223, '16': 288, '6': 0, '13': 237, '12': 115, '22': 281, '8': 60, '23': 0, '17': 0, '19': 0, '10': 0, '7': 0, '3': 362, '25': 0, '5': 0, '24': 169, '14': 0, '15': 0, '1': 0, '20': 0, '18': 0} {'enode://1@127.0.0.1:1234': 3, 'enode://2@127.0.0.1:1235': -1, 'enode://3@127.0.0.1:1236': -10, 'enode://4@127.0.0.1:1237': -4, 'enode://5@127.0.0.1:1238': 0, 'enode://6@127.0.0.1:1239': 0, 'enode://7@127.0.0.1:1240': 5, 'enode://8@127.0.0.1:1241': -5, 'enode://9@127.0.0.1:1242': -2, 'enode://10@127.0.0.1:1243': 1, 'enode://11@127.0.0.1:1244': -8, 'enode://12@127.0.0.1:1245': -11, 'enode://13@127.0.0.1:1246': -3, 'enode://14@127.0.0.1:1247': 3, 'enode://15@127.0.0.1:1248': 2, 'enode://16@127.0.0.1:1249': -9, 'enode://17@127.0.0.1:1250': 3, 'enode://18@127.0.0.1:1251': 0, 'enode://19@127.0.0.1:1252': -12, 'enode://20@127.0.0.1:1253': 0, 'enode://21@127.0.0.1:1254': 0, 'enode://22@127.0.0.1:1255': -6, 'enode://23@127.0.0.1:1256': 4, 'enode://24@127.0.0.1:1257': -7, 'enode://25@127.0.0.1:1258': 0}
21 1786841657.823 2516 None {'21': 1, '0': 0, '2': 274, '11': 126, '4': 174, '9': 223, '16': 288, '6': 0, '13': 237, '12': 115, '22': 281, '8': 60, '23': 0, '17': 0, '19': 58, '10': 0, '7': 0, '3': 362, '25': 0, '5': 0, '24': 169, '14': 0, '15': 0, '1': 0, '20': 0, '18': 0} {'enode://1@127.0.0.1:1234': 5, 'enode://2@127.0.0.1:1235': 0, 'enode://3@127.0.0.1:1236': -9, 'enode://4@127.0.0.1:1237': -3, 'enode://5@127.0.0.1:1238': 0, 'enode://6@127.0.0.1:1239': 5, 'enode://7@127.0.0.1:1240': -12, 'enode://8@127.0.0.1:1241': -4, 'enode://9@127.0.0.1:1242': -1, 'enode://10@127.0.0.1:1243': 0, 'enode://11@127.0.0.1:1244': -7, 'enode://12@127.0.0.1:1245': -10, 'enode://13@127.0.0.1:1246': -2, 'enode://14@127.0.0.1:1247': 2, 'enode://15@127.0.0.1:1248': 0, 'enode://16@127.0.0.1:1249': -8, 'enode://17@127.0.0.1:1250': 2, 'enode://18@127.0.0.1:1251': 0, 'enode://19@127.0.0.1:1252': -11, 'enode://20@127.0.0.1:1253': 0, 'enode://21@127.0.0.1:1254': 7, 'enode://22@127.0.0.1:1255': -5, 'enode://23@127.0.0.1:1256': 4, 'enode://24@127.0.0.1:1257': -6, 'enode://25@127.0.0.1:1258': 0}
21 1786841657.823 2726 None {'21': 1, '0': 0, '2': 274, '11': 126, '4': 174, '9': 223, '16': 288, '6': 0, '13': 237, '12': 115, '22': 281, '8': 60, '23': 0, '17': 0, '19': 58, '10': 0, '7': 135, '3': 362, '25': 0, '5': 0, '24': 169, '14': 0, '15': 0, '1': 0, '20': 0, '18': 0} {'enode://1@127.0.0.1:1234': 5, 'enode://2@127.0.0.1:1235': 2, 'enode://3@127.0.0.1:1236': -8, 'enode://4@127.0.0.1:1237': -2, 'enode://5@127.0.0.1:1238': 2, 'enode://6@127.0.0.1:1239': 5, 'enode://7@127.0.0.1:1240': -11, 'enode://8@127.0.0.1:1241': -3, 'enode://9@127.0.0.1:1242': 0, 'enode://10@127.0.0.1:1243': 1, 'enode://11@127.0.0.1:1244': -6, 'enode://12@127.0.0.1:1245': -9, 'enode://13@127.0.0.1:1246': -1, 'enode://14@127.0.0.1:1247': 2, 'enode://15@127.0.0.1:1248': 3, 'enode://16@127.0.0.1:1249': -7, 'enode://17@127.0.0.1:1250': 3, 'enode://18@127.0.0.1:1251': 4, 'enode://19@127.0.0.1:1252': -10, 'enode://20@127.0.0.1:1253': 3, 'enode://21@127.0.0.1:1254': -12, 'enode://22@127.0.0.1:1255': -4, 'enode://23@127.0.0.1:1256': 4, 'enode://24@127.0.0.1:1257': -5, 'enode://25@127.0.0.1:1258': 0}
21 1786841657.823 2830 None {'21': 210, '0': 0, '2': 274, '11': 126, '4': 174, '9': 223, '16': 288, '6': 0, '13': 237, '12': 115, '22': 281, '8': 60, '23': 0, '17': 0, '19': 58, '10': 0, '7': 135, '3': 362, '25': 0, '5': 0, '24': 169, '14': 0, '15': 0, '1': 0, '20': 0, '18': 0} {'enode://1@127.0.0.1:1234': -12, 'enode://2@127.0.0.1:1235': 2, 'enode://3@127.0.0.1:1236': -7, 'enode://4@127.0.0.1:1237': -1, 'enode://5@127.0.0.1:1238': 0, 'enode://6@127.0.0.1:1239': 6, 'enode://7@127.0.0.1:1240': -10, 'enode://8@127.0.0.1:1241': -2, 'enode://9@127.0.0.1:1242': 6, 'enode://10@127.0.0.1:1243': 1, 'enode://11@127.0.0.1:1244': -5, 'enode://12@127.0.0.1:1245': -8, 'enode://13@127.0.0.1:1246': 0, 'enode://14@127.0.0.1:1247': 2, 'enode://15@127.0.0.1:1248': 3, 'enode://16@127.0.0.1:1249': -6, 'enode://17@127.0.0.1:1250': 3, 'enode://18@127.0.0.1:1251': 2, 'enode://19@127.0.0.1:1252': -9, 'enode://20@127.0.0.1:1253': 0, 'enode://21@127.0.0.1:1254': -11, 'enode://22@127.0.0.1:1255': -3, 'enode://23@127.0.0.1:1256': 4, 'enode://24@127.0.0.1:1257': -4, 'enode://25@127.0.0.1:1258': 0}
21 1786841657.823 2835 None {'21': 210, '0': 0, '2': 274, '11': 126, '4': 174, '9': 223, '16': 288, '6': 0, '13': 237, '12': 115, '22': 281, '8': 60, '23': 0, '17': 0, '19': 58, '10': 0, '7': 135, '3': 362, '25': 0, '5': 0, '24': 169, '14': 0, '15': 0, '1': 103, '20': 0, '18': 0} {'enode://1@127.0.0.1:1234': -11, 'enode://2@127.0.0.1:1235': 0, 'enode://3@127.0.0.1:1236': -6, 'enode://4@127.0.0.1:1237': 0, 'enode://5@127.0.0.1:1238': 0, 'enode://6@127.0.0.1:1239': 5, 'enode://7@127.0.0.1:1240': -9, 'enode://8@127.0.0.1:1241': -1, 'enode://9@127.0.0.1:1242': -12, 'enode://10@127.0.0.1:1243': 0, 'enode://11@127.0.0.1:1244': -4, 'enode://12@127.0.0.1:1245': -7, 'enode://13@127.0.0.1:1246': 0, 'enode://14@127.0.0.1:1247': 0, 'enode://15@127.0.0.1:1248': 1, 'enode://16@127.0.0.1:1249': -5, 'enode://17@127.0.0.1:1250': 2, 'enode://18@127.0.0.1:1251': 0, 'enode://19@127.0.0.1:1252': -8, 'enode://20@127.0.0.1:1253': 0, 'enode://21@127.0.0.1:1254': -10, 'enode://22@127.0.0.1:1255': -2, 'enode://23@127.0.0.1:1256': 3, 'enode://24@127.0.0.1:1257': -3, 'enode://25@127.0.0.1:1258': 0}
21 1786841657.823 3141 None {'21': 210, '0': 0, '2': 274, '11': 126, '4': 174, '9': 227, '16': 288, '6': 0, '13': 237, '12': 115, '22': 281, '8': 60, '23': 0, '17': 0, '19': 58, '10': 0, '7': 135, '3': 362, '25': 0, '5': 0, '24': 169, '14': 0, '15': 0, '1': 103, '20': 0, '18': 0} {'enode://1@127.0.0.1:1234': -10, 'enode://2@127.0.0.1:1235': 0, 'enode://3@127.0.0.1:1236': -5, 'enode://4@127.0.0.1:1237': 0, 'enode://5@127.0.0.1:1238': 1, 'enode://6@127.0.0.1:1239': -12, 'enode://7@127.0.0.1:1240': -8, 'enode://8@127.0.0.1:1241': 0, 'enode://9@127.0.0.1:1242': -11, 'enode://10@127.0.0.1:1243': 2, 'enode://11@127.0.0.1:1244': -3, 'enode://12@127.0.0.1:1245': -6, 'enode://13@127.0.0.1:1246': 2, 'enode://14@127.0.0.1:1247': 1, 'enode://15@127.0.0.1:1248': 5, 'enode://16@127.0.0.1:1249': -4, 'enode://17@127.0.0.1:1250': 5, 'enode://18@127.0.0.1:1251': 2, 'enode://19@127.0.0.1:1252': -7, 'enode://20@127.0.0.1:1253': 5, 'enode://21@127.0.0.1:1254': -9, 'enode://22@127.0.0.1:1255': -1, 'enode://23@127.0.0.1:1256': 4, 'enode://24@127.0.0.1:1257': -2, 'enode://25@127.0.0.1:1258': 0}
21 1786841657.823 3269 None {'21': 210, '0': 0, '2': 274, '11': 126, '4': 174, '9': 227, '16': 288, '6': 305, '13': 237, '12': 115, '22': 281, '8': 60, '23': 0, '17': 0, '19': 58, '10': 0, '7': 135, '3': 362, '25': 0, '5': 0, '24': 169, '14': 0, '15': 0, '1': 103, '20': 0, '18': 0} {'enode://1@127.0.0.1:1234': -9, 'enode://2@127.0.0.1:1235': 0, 'enode://3@127.0.0.1:1236': -4, 'enode://4@127.0.0.1:1237': 0, 'enode://5@127.0.0.1:1238': 3, 'enode://6@127.0.0.1:1239': -11, 'enode://7@127.0.0.1:1240': -7, 'enode://8@127.0.0.1:1241': 0, 'enode://9@127.0.0.1:1242': -10, 'enode://10@127.0.0.1:1243': 2, 'enode://11@127.0.0.1:1244': -2, 'enode://12@127.0.0.1:1245': -5, 'enode://13@127.0.0.1:1246': 3, 'enode://14@127.0.0.1:1247': 1, 'enode://15@127.0.0.1:1248': 6, 'enode://16@127.0.0.1:1249': -3, 'enode://17@127.0.0.1:1250': -12, 'enode://18@127.0.0.1:1251': 2, 'enode://19@127.0.0.1:1252': -6, 'enode://20@127.0.0.1:1253': 6, 'enode://21@127.0.0.1:1254': -8, 'enode://22@127.0.0.1:1255': 0, 'enode://23@127.0.0.1:1256': 4, 'enode://24@127.0.0.1:1257': -1, 'enode://25@127.0.0.1:1258': 0}
21 1786841657.823 3274 None {'21': 210, '0': 0, '2': 274, '11': 126, '4': 174, '9': 227, '16': 288, '6': 305, '13': 237, '12': 115, '22': 281, '8': 60, '23': 0, '17': 127, '19': 58, '10': 0, '7': 135, '3': 362, '25': 0, '5': 0, '24': 169, '14': 0, '15': 0, '1': 103, '20': 0, '18': 0} {'enode://1@127.0.0.1:1234': -8, 'enode://2@127.0.0.1:1235': 0, 'enode://3@127.0.0.1:1236': -3, 'enode://4@127.0.0.1:1237': 0, 'enode://5@127.0.0.1:1238': 3, 'enode://6@127.0.0.1:1239': -10, 'enode://7@127.0.0.1:1240': -6, 'enode://8@127.0.0.1:1241': 0, 'enode://9@127.0.0.1:1242': -9, 'enode://10@127.0.0.1:1243': 0, 'enode://11@127.0.0.1:1244': -1, 'enode://12@127.0.0.1:1245': -4, 'enode://13@127.0.0.1:1246': 3, 'enode://14@127.0.0.1:1247': 0, 'enode://15@127.0.0.1:1248': 6, 'enode://16@127.0.0.1:1249': -2, 'enode://17@127.0.0.1:1250': -11, 'enode://18@127.0.0.1:1251': 0, 'enode://19@127.0.0.1:1252': -5, 'enode://20@127.0.0.1:1253': -12, 'enode://21@127.0.0.1:1254': -7, 'enode://22@127.0.0.1:1255': 6, 'enode://23@127.0.0.1:1256': 4, 'enode://24@127.0.0.1:1257': 0, 'enode://25@127.0.0.1:1258': 0}
21 1786841657.823 3314 None {'21': 210, '0': 0, '2': 274, '11': 126, '4': 174, '9': 227, '16': 288, '6': 305, '13': 237, '12': 115, '22': 281, '8': 60, '23': 0, '17': 127, '19': 58, '10': 0, '7': 135, '3': 362, '25': 0, '5': 0, '24': 169, '14': 0, '15': 0, '1': 103, '20': 4, '18': 0} {'enode://1@127.0.0.1:1234': -7, 'enode://2@127.0.0.1:1235': 0, 'enode://3@127.0.0.1:1236': -2, 'enode://4@127.0.0.1:1237': 0, 'enode://5@127.0.0.1:1238': 3, 'enode://6@127.0.0.1:1239': -9, 'enode://7@127.0.0.1:1240': -5, 'enode://8@127.0.0.1:1241': 0, 'enode://9@127.0.0.1:1242': -8, 'enode://10@127.0.0.1:1243': 0, 'enode://11@127.0.0.1:1244': 0, 'enode://12@127.0.0.1:1245': -3, 'enode://13@127.0.0.1:1246': 2, 'enode://14@127.0.0.1:1247': 0, 'enode://15@127.0.0.1:1248': -12, 'enode://16@127.0.0.1:1249': -1, 'enode://17@127.0.0.1:1250': -10, 'enode://18@127.0.0.1:1251': 0, 'enode://19@127.0.0.1:1252': -4, 'enode://20@127.0.0.1:1253': -11, 'enode://21@127.0.0.1:1254': -6, 'enode://22@127.0.0.1:1255': 6, 'enode://23@127.0.0.1:1256': 3, 'enode://24@127.0.0.1:1257': 0, 'enode://25@127.0.0.1:1258': 0}
21 1786841657.823 3551 None {'21': 210, '0': 0, '2': 274, '11': 126, '4': 174, '9': 227, '16': 288, '6': 305, '13': 237, '12': 115, '22': 281, '8': 60, '23': 0, '17': 127, '19': 58, '10': 0, '7': 135, '3': 362, '25': 0, '5': 0, '24': 169, '14': 0, '15': 39, '1': 103, '20': 4, '18': 0} {'enode://1@127.0.0.1:1234': -6, 'enode://2@127.0.0.1:1235': 0, 'enode://3@127.0.0.1:1236': -1, 'enode://4@127.0.0.1:1237': 1, 'enode://5@127.0.0.1:1238': 3, 'enode://6@127.0.0.1:1239': -8, 'enode://7@127.0.0.1:1240': -4, 'enode://8@127.0.0.1:1241': 0, 'enode://9@127.0.0.1:1242': -7, 'enode://10@127.0.0.1:1243': 0, 'enode://11@127.0.0.1:1244': 8, 'enode://12@127.0.0.1:1245': -2, 'enode://13@127.0.0.1:1246': 3, 'enode://14@127.0.0.1:1247': 3, 'enode://15@127.0.0.1:1248': -11, 'enode://16@127.0.0.1:1249': 0, 'enode://17@127.0.0.1:1250': -9, 'enode://18@127.0.0.1:1251': 0, 'enode://19@127.0.0.1:1252': -3, 'enode://20@127.0.0.1:1253': -10, 'enode://21@127.0.0.1:1254': -5, 'enode://22@127.0.0.1:1255': 7, 'enode://23@127.0.0.1:1256': -12, 'enode://24@127.0.0.1:1257': 2, 'enode://25@127.0.0.1:1258': 0}
21 1786841657.823 3576 None {'21': 210, '0': 0, '2': 274, '11': 126, '4': 174, '9': 227, '16': 288, '6': 305, '13': 237, '12': 115, '22': 281, '8': 60, '23': 236, '17': 127, '19': 58, '10': 0, '7': 135, '3': 362, '25': 0, '5': 0, '24': 169, '14': 0, '15': 39, '1': 103, '20': 4, '18': 0} {'enode://1@127.0.0.1:1234': -5, 'enode://2@127.0.0.1:1235': 0, 'enode://3@127.0.0.1:1236': 0, 'enode://4@127.0.0.1:1237': 1, 'enode://5@127.0.0.1:1238': 3, 'enode://6@127.0.0.1:1239': -7, 'enode://7@127.0.0.1:1240': -3, 'enode://8@127.0.0.1:1241': 0, 'enode://9@127.0.0.1:1242': -6, 'enode://10@127.0.0.1:1243': 0, 'enode://11@127.0.0.1:1244': -12, 'enode://12@127.0.0.1:1245': -1, 'enode://13@127.0.0.1:1246': 2, 'enode://14@127.0.0.1:1247': 3, 'enode://15@127.0.0.1:1248': -10, 'enode://16@127.0.0.1:1249': 2, 'enode://17@127.0.0.1:1250': -8, 'enode://18@127.0.0.1:1251': 0, 'enode://19@127.0.0.1:1252': -2, 'enode://20@127.0.0.1:1253': -9, 'enode://21@127.0.0.1:1254': -4, 'enode://22@127.0.0.1:1255': 5, 'enode://23@127.0.0.1:1256': -11, 'enode://24@127.0.0.1:1257': 2, 'enode://25@127.0.0.1:1258': 0}
21 1786841657.823 3736 None {'21': 210, '0': 0, '2': 274, '11': 150, '4': 174, '9': 227, '16': 288, '6': 305, '13': 237, '12': 115, '22': 281, '8': 60, '23': 236, '17': 127, '19': 58, '10': 0, '7': 135, '3': 362, '25': 0, '5': 0, '24': 169, '14': 0, '15': 39, '1': 103, '20': 4, '18': 0} {'enode://1@127.0.0.1:1234': -4, 'enode://2@127.0.0.1:1235': 1, 'enode://3@127.0.0.1:1236': 6, 'enode://4@127.0.0.1:1237': 1, 'enode://5@127.0.0.1:1238': 3, 'enode://6@127.0.0.1:1239': -6, 'enode://7@127.0.0.1:1240': -2, 'enode://8@127.0.0.1:1241': 2, 'enode://9@127.0.0.1:1242': -5, 'enode://10@127.0.0.1:1243': 0, 'enode://11@127.0.0.1:1244': -11, 'enode://12@127.0.0.1:1245': 0, 'enode://13@127.0.0.1:1246': 2, 'enode://14@127.0.0.1:1247': 4, 'enode://15@127.0.0.1:1248': -9, 'enode://16@127.0.0.1:1249': 4, 'enode://17@127.0.0.1:1250': -7, 'enode://18@127.0.0.1:1251': 0, 'enode://19@127.0.0.1:1252': -1, 'enode://20@127.0.0.1:1253': -8, 'enode://21@127.0.0.1:1254': -3, 'enode://22@127.0.0.1:1255': -12, 'enode://23@127.0.0.1:1256': -10, 'enode://24@127.0.0.1:1257': 5, 'enode://25@127.0.0.1:1258': 0}
21 1786841657.823 3916 None {'21': 210, '0': 0, '2': 274, '11': 150, '4': 174, '9': 227, '16': 288, '6': 305, '13': 237, '12': 115, '22': 440, '8': 60, '23': 236, '17': 127, '19': 58, '10': 0, '7': 135, '3': 362, '25': 0, '5': 0, '24': 169, '14': 0, '15': 39, '1': 103, '20': 4, '18': 0} {'enode://1@127.0.0.1:1234': -3, 'enode://2@127.0.0.1:1235': 1, 'enode://3@127.0.0.1:1236': 5, 'enode://4@127.0.0.1:1237': 4, 'enode://5@127.0.0.1:1238': 1, 'enode://6@127.0.0.1:1239': -5, 'enode://7@127.0.0.1:1240': -1, 'enode://8@127.0.0.1:1241': 1, 'enode://9@127.0.0.1:1242': -4, 'enode://10@127.0.0.1:1243': 0, 'enode://11@127.0.0.1:1244': -10, 'enode://12@127.0.0.1:1245': 8, 'enode://13@127.0.0.1:1246': 1, 'enode://14@127.0.0.1:1247': 5, 'enode://15@127.0.0.1:1248': -8, 'enode://16@127.0.0.1:1249': 2, 'enode://17@127.0.0.1:1250': -6, 'enode://18@127.0.0.1:1251': 2, 'enode://19@127.0.0.1:1252': 0, 'enode://20@127.0.0.1:1253': -7, 'enode://21@127.0.0.1:1254': -2, 'enode://22@127.0.0.1:1255': -11, 'enode://23@127.0.0.1:1256': -9, 'enode://24@127.0.0.1:1257': -12, 'enode://25@127.0.0.1:1258': 0}
21 1786841657.824 3939 None {'21': 210, '0': 0, '2': 274, '11': 150, '4': 174, '9': 227, '16': 288, '6': 305, '13': 237, '12': 115, '22': 440, '8': 60, '23': 236, '17': 127, '19': 58, '10': 0, '7': 135, '3': 362, '25': 0, '5': 0, '24': 348, '14': 0, '15': 39, '1': 103, '20': 4, '18': 0} {'enode://1@127.0.0.1:1234': -2, 'enode://2@127.0.0.1:1235': 1, 'enode://3@127.0.0.1:1236': 2, 'enode://4@127.0.0.1:1237': 4, 'enode://5@127.0.0.1:1238': 0, 'enode://6@127.0.0.1:1239': -4, 'enode://7@127.0.0.1:1240': 0, 'enode://8@127.0.0.1:1241': 0, 'enode://9@127.0.0.1:1242': -3, 'enode://10@127.0.0.1:1243': 0, 'enode://11@127.0.0.1:1244': -9, 'enode://12@127.0.0.1:1245': -12, 'enode://13@127.0.0.1:1246': 0, 'enode://14@127.0.0.1:1247': 3, 'enode://15@127.0.0.1:1248': -7, 'enode://16@127.0.0.1:1249': 0, 'enode://17@127.0.0.1:1250': -5, 'enode://18@127.0.0.1:1251': 2, 'enode://19@127.0.0.1:1252': 0, 'enode://20@127.0.0.1:1253': -6, 'enode://21@127.0.0.1:1254': -1, 'enode://22@127.0.0.1:1255': -10, 'enode://23@127.0.0.1:1256': -8, 'enode://24@127.0.0.1:1257': -11, 'enode://25@127.0.0.1:1258': 0}
21 1786841657.824 3981 None {'21': 210, '0': 0, '2': 274, '11': 150, '4': 174, '9': 227, '16': 288, '6': 305, '13': 237, '12': 137, '22': 440, '8': 60, '23': 236, '17': 127, '19': 58, '10': 0, '7': 135, '3': 362, '25': 0, '5': 0, '24': 348, '14': 0, '15': 39, '1': 103, '20': 4, '18': 0} {'enode://1@127.0.0.1:1234': -1, 'enode://2@127.0.0.1:1235': 0, 'enode://3@127.0.0.1:1236': 0, 'enode://4@127.0.0.1:1237': 4, 'enode://5@127.0.0.1:1238': 0, 'enode://6@127.0.0.1:1239': -3, 'enode://7@127.0.0.1:1240': 0, 'enode://8@127.0.0.1:1241': 0, 'enode://9@127.0.0.1:1242': -2, 'enode://10@127.0.0.1:1243': 0, 'enode://11@127.0.0.1:1244': -8, 'enode://12@127.0.0.1:1245': -11, 'enode://13@127.0.0.1:1246': 0, 'enode://14@127.0.0.1:1247': -12, 'enode://15@127.0.0.1:1248': -6, 'enode://16@127.0.0.1:1249': 0, 'enode://17@127.0.0.1:1250': -4, 'enode://18@127.0.0.1:1251': 2, 'enode://19@127.0.0.1:1252': 0, 'enode://20@127.0.0.1:1253': -5, 'enode://21@127.0.0.1:1254': 0, 'enode://22@127.0.0.1:1255': -9, 'enode://23@127.0.0.1:1256': -7, 'enode://24@127.0.0.1:1257': -10, 'enode://25@127.0.0.1:1258': 0}
21 1786841657.824 4279 None {'21': 210, '0': 0, '2': 274, '11': 150, '4': 174, '9': 227, '16': 288, '6': 305, '13': 237, '12': 137, '22': 440, '8': 60, '23': 236, '17': 127, '19': 58, '10': 0, '7': 135, '3': 362, '25': 0, '5': 0, '24': 348, '14': 41, '15': 39, '1': 103, '20': 4, '18': 0} {'enode://1@127.0.0.1:1234': 0, 'enode://2@127.0.0.1:1235': 0, 'enode://3@127.0.0.1:1236': 0, 'enode://4@127.0.0.1:1237': 2, 'enode://5@127.0.0.1:1238': 0, 'enode://6@127.0.0.1:1239': -2, 'enode://7@127.0.0.1:1240': 0, 'enode://8@127.0.0.1:1241': 0, 'enode://9@127.0.0.1:1242': -1, 'enode://10@127.0.0.1:1243': 0, 'enode://11@127.0.0.1:1244': -7, 'enode://12@127.0.0.1:1245': -10, 'enode://13@127.0.0.1:1246': 0, 'enode://14@127.0.0.1:1247': -11, 'enode://15@127.0.0.1:1248': -5, 'enode://16@127.0.0.1:1249': 5, 'enode://17@127.0.0.1:1250': -3, 'enode://18@127.0.0.1:1251': -12, 'enode://19@127.0.0.1:1252': 0, 'enode://20@127.0.0.1:1253': -4, 'enode://21@127.0.0.1:1254': 3, 'enode://22@127.0.0.1:1255': -8, 'enode://23@127.0.0.1:1256': -6, 'enode://24@127.0.0.1:1257': -9, 'enode://25@127.0.0.1:1258': 4}
21 1786841657.824 4453 None {'21': 210, '0': 0, '2': 274, '11': 150, '4': 174, '9': 227, '16': 288, '6': 305, '13': 237, '12': 137, '22': 440, '8': 60, '23': 236, '17': 127, '19': 58, '10': 0, '7': 135, '3': 362, '25': 0, '5': 0, '24': 348, '14': 41, '15': 39, '1': 103, '20': 4, '18': 297} {'enode://1@127.0.0.1:1234': 4, 'enode://2@127.0.0.1:1235': 0, 'enode://3@127.0.0.1:1236': 0, 'enode://4@127.0.0.1:1237': 2, 'enode://5@127.0.0.1:1238': 0, 'enode://6@127.0.0.1:1239': -1, 'enode://7@127.0.0.1:1240': 0, 'enode://8@127.0.0.1:1241': 0, 'enode://9@127.0.0.1:1242': 0, 'enode://10@127.0.0.1:1243': 0, 'enode://11@127.0.0.1:1244': -6, 'enode://12@127.0.0.1:1245': -9, 'enode://13@127.0.0.1:1246': 0, 'enode://14@127.0.0.1:1247': -10, 'enode://15@127.0.0.1:1248': -4, 'enode://16@127.0.0.1:1249': -12, 'enode://17@127.0.0.1:1250': -2, 'enode://18@127.0.0.1:1251': -11, 'enode://19@127.0.0.1:1252': 0, 'enode://20@127.0.0.1:1253': -3, 'enode://21@127.0.0.1:1254': 0, 'enode://22@127.0.0.1:1255': -7, 'enode://23@127.0.0.1:1256': -5, 'enode://24@127.0.0.1:1257': -8, 'enode://25@127.0.0.1:1258': 4}
21 1786841657.824 4632 None {'21': 210, '0': 0, '2': 274, '11': 150, '4': 174, '9': 227, '16': 461, '6': 305, '13': 237, '12': 137, '22': 440, '8': 60, '23': 236, '17': 127, '19': 58, '10': 0, '7': 135, '3': 362, '25': 0, '5': 0, '24': 348, '14': 41, '15': 39, '1': 103, '20': 4, '18': 297} {'enode://1@127.0.0.1:1234': 4, 'enode://2@127.0.0.1:1235': 0, 'enode://3@127.0.0.1:1236': 0, 'enode://4@127.0.0.1:1237': -12, 'enode://5@127.0.0.1:1238': 0, 'enode://6@127.0.0.1:1239': 0, 'enode://7@127.0.0.1:1240': 0, 'enode://8@127.0.0.1:1241': 0, 'enode://9@127.0.0.1:1242': 3, 'enode://10@127.0.0.1:1243': 0, 'enode://11@127.0.0.1:1244': -5, 'enode://12@127.0.0.1:1245': -8, 'enode://13@127.0.0.1:1246': 0, 'enode://14@127.0.0.1:1247': -9, 'enode://15@127.0.0.1:1248': -3, 'enode://16@127.0.0.1:1249': -11, 'enode://17@127.0.0.1:1250': -1, 'enode://18@127.0.0.1:1251': -10, 'enode://19@127.0.0.1:1252': 0, 'enode://20@127.0.0.1:1253': -2, 'enode://21@127.0.0.1:1254': 0, 'enode://22@127.0.0.1:1255': -6, 'enode://23@127.0.0.1:1256': -4, 'enode://24@127.0.0.1:1257': -7, 'enode://25@127.0.0.1:1258': 1}
21 1786841657.824 4854 None {'21': 210, '0': 0, '2': 274, '11': 150, '4': 352, '9': 227, '16': 461, '6': 305, '13': 237, '12': 137, '22': 440, '8': 60, '23': 236, '17': 127, '19': 58, '10': 0, '7': 135, '3': 362, '25': 0, '5': 0, '24': 348, '14': 41, '15': 39, '1': 103, '20': 4, '18': 297} {'enode://1@127.0.0.1:1234': 0, 'enode://2@127.0.0.1:1235': 0, 'enode://3@127.0.0.1:1236': 0, 'enode://4@127.0.0.1:1237': -11, 'enode://5@127.0.0.1:1238': 0, 'enode://6@127.0.0.1:1239': 2, 'enode://7@127.0.0.1:1240': -12, 'enode://8@127.0.0.1:1241': 0, 'enode://9@127.0.0.1:1242': 0, 'enode://10@127.0.0.1:1243': 0, 'enode://11@127.0.0.1:1244': -4, 'enode://12@127.0.0.1:1245': -7, 'enode://13@127.0.0.1:1246': 2, 'enode://14@127.0.0.1:1247': -8, 'enode://15@127.0.0.1:1248': -2, 'enode://16@127.0.0.1:1249': -10, 'enode://17@127.0.0.1:1250': 0, 'enode://18@127.0.0.1:1251': -9, 'enode://19@127.0.0.1:1252': 0, 'enode://20@127.0.0.1:1253': -1, 'enode://21@127.0.0.1:1254': 0, 'enode://22@127.0.0.1:1255': -5, 'enode://23@127.0.0.1:1256': -3, 'enode://24@127.0.0.1:1257': -6, 'enode://25@127.0.0.1:1258': 0}
21 1786841657.824 4870 None {'21': 210, '0': 0, '2': 274, '11': 150, '4': 352, '9': 227, '16': 461, '6': 305, '13': 237, '12': 137, '22': 440, '8': 60, '23': 236, '17': 127, '19': 58, '10': 0, '7': 356, '3': 362, '25': 0, '5': 0, '24': 348, '14': 41, '15': 39, '1': 103, '20': 4, '18': 297} {'enode://1@127.0.0.1:1234': 0, 'enode://2@127.0.0.1:1235': 0, 'enode://3@127.0.0.1:1236': 0, 'enode://4@127.0.0.1:1237': -10, 'enode://5@127.0.0.1:1238': 0, 'enode://6@127.0.0.1:1239': -12, 'enode://7@127.0.0.1:1240': -11, 'enode://8@127.0.0.1:1241': 0, 'enode://9@127.0.0.1:1242': 0, 'enode://10@127.0.0.1:1243': 0, 'enode://11@127.0.0.1:1244': -3, 'enode://12@127.0.0.1:1245': -6, 'enode://13@127.0.0.1:1246': 2, 'enode://14@127.0.0.1:1247': -7, 'enode://15@127.0.0.1:1248': -1, 'enode://16@127.0.0.1:1249': -9, 'enode://17@127.0.0.1:1250': 0, 'enode://18@127.0.0.1:1251': -8, 'enode://19@127.0.0.1:1252': 0, 'enode://20@127.0.0.1:1253': 0, 'enode://21@127.0.0.1:1254': 0, 'enode://22@127.0.0.1:1255': -4, 'enode://23@127.0.0.1:1256': -2, 'enode://24@127.0.0.1:1257': -5, 'enode://25@127.0.0.1:1258': 0}
21 1786841657.824 4946 None {'21': 210, '0': 0, '2': 274, '11': 150, '4': 352, '9': 227, '16': 461, '6': 320, '13': 237, '12': 137, '22': 440, '8': 60, '23': 236, '17': 127, '19': 58, '10': 0, '7': 356, '3': 362, '25': 0, '5': 0, '24': 348, '14': 41, '15': 39, '1': 103, '20': 4, '18': 297} {'enode://1@127.0.0.1:1234': 0, 'enode://2@127.0.0.1:1235': 0, 'enode://3@127.0.0.1:1236': 0, 'enode://4@127.0.0.1:1237': -9, 'enode://5@127.0.0.1:1238': 0, 'enode://6@127.0.0.1:1239': -11, 'enode://7@127.0.0.1:1240': -10, 'enode://8@127.0.0.1:1241': 0, 'enode://9@127.0.0.1:1242': 1, 'enode://10@127.0.0.1:1243': 0, 'enode://11@127.0.0.1:1244': -2, 'enode://12@127.0.0.1:1245': -5, 'enode://13@127.0.0.1:1246': -12, 'enode://14@127.0.0.1:1247': -6, 'enode://15@127.0.0.1:1248': 0, 'enode://16@127.0.0.1:1249': -8, 'enode://17@127.0.0.1:1250': 0, 'enode://18@127.0.0.1:1251': -7, 'enode://19@127.0.0.1:1252': 0, 'enode://20@127.0.0.1:1253': 0, 'enode://21@127.0.0.1:1254': 0, 'enode://22@127.0.0.1:1255': -3, 'enode://23@127.0.0.1:1256': -1, 'enode://24@127.0.0.1:1257': -4, 'enode://25@127.0.0.1:1258': 0}
21 1786841657.824 5146 None {'21': 210, '0': 0, '2': 274, '11': 150, '4': 352, '9': 227, '16': 461, '6': 320, '13': 312, '12': 137, '22': 440, '8': 60, '23': 236, '17': 127, '19': 58, '10': 0, '7': 356, '3': 362, '25': 0, '5': 0, '24': 348, '14': 41, '15': 39, '1': 103, '20': 4, '18': 297} {'enode://1@127.0.0.1:1234': 0, 'enode://2@127.0.0.1:1235': 0, 'enode://3@127.0.0.1:1236': 0, 'enode://4@127.0.0.1:1237': -8, 'enode://5@127.0.0.1:1238': 0, 'enode://6@127.0.0.1:1239': -10, 'enode://7@127.0.0.1:1240': -9, 'enode://8@127.0.0.1:1241': 0, 'enode://9@127.0.0.1:1242': 0, 'enode://10@127.0.0.1:1243': 0, 'enode://11@127.0.0.1:1244': -1, 'enode://12@127.0.0.1:1245': -4, 'enode://13@127.0.0.1:1246': -11, 'enode://14@127.0.0.1:1247': -5, 'enode://15@127.0.0.1:1248': 0, 'enode://16@127.0.0.1:1249': -7, 'enode://17@127.0.0.1:1250': -12, 'enode://18@127.0.0.1:1251': -6, 'enode://19@127.0.0.1:1252': 0, 'enode://20@127.0.0.1:1253': 1, 'enode://21@127.0.0.1:1254': 0, 'enode://22@127.0.0.1:1255': -2, 'enode://23@127.0.0.1:1256': 0, 'enode://24@127.0.0.1:1257': -3, 'enode://25@127.0.0.1:1258': 0}
21 1786841657.824 5235 None {'21': 210, '0': 0, '2': 274, '11': 150, '4': 352, '9': 227, '16': 461, '6': 320, '13': 312, '12': 137, '22': 440, '8': 60, '23': 236, '17': 326, '19': 58, '10': 0, '7': 356, '3': 362, '25': 0, '5': 0, '24': 348, '14': 41, '15': 39, '1': 103, '20': 4, '18': 297} {'enode://1@127.0.0.1:1234': -12, 'enode://2@127.0.0.1:1235': 0, 'enode://3@127.0.0.1:1236': 0, 'enode://4@127.0.0.1:1237': -7, 'enode://5@127.0.0.1:1238': 0, 'enode://6@127.0.0.1:1239': -9, 'enode://7@127.0.0.1:1240': -8, 'enode://8@127.0.0.1:1241': 0, 'enode://9@127.0.0.1:1242': 0, 'enode://10@127.0.0.1:1243': 0, 'enode://11@127.0.0.1:1244': 0, 'enode://12@127.0.0.1:1245': -3, 'enode://13@127.0.0.1:1246': -10, 'enode://14@127.0.0.1:1247': -4, 'enode://15@127.0.0.1:1248': 0, 'enode://16@127.0.0.1:1249': -6, 'enode://17@127.0.0.1:1250': -11, 'enode://18@127.0.0.1:1251': -5, 'enode://19@127.0.0.1:1252': 0, 'enode://20@127.0.0.1:1253': 0, 'enode://21@127.0.0.1:1254': 0, 'enode://22@127.0.0.1:1255': -1, 'enode://23@127.0.0.1:1256': 0, 'enode://24@127.0.0.1:1257': -2, 'enode://25@127.0.0.1:1258': 0}
21 1786841657.824 5407 None {'21': 210, '0': 0, '2': 274, '11': 150, '4': 352, '9': 227, '16': 461, '6': 320, '13': 312, '12': 137, '22': 440, '8': 60, '23': 236, '17': 326, '19': 58, '10': 0, '7': 356, '3': 362, '25': 0, '5': 0, '24': 348, '14': 41, '15': 39, '1': 191, '20': 4, '18': 297} {'enode://1@127.0.0.1:1234': -11, 'enode://2@127.0.0.1:1235': 0, 'enode://3@127.0.0.1:1236': 0, 'enode://4@127.0.0.1:1237': -6, 'enode://5@127.0.0.1:1238': 0, 'enode://6@127.0.0.1:1239': -8, 'enode://7@127.0.0.1:1240': -7, 'enode://8@127.0.0.1:1241': 0, 'enode://9@127.0.0.1:1242': 0, 'enode://10@127.0.0.1:1243': 0, 'enode://11@127.0.0.1:1244': -12, 'enode://12@127.0.0.1:1245': -2, 'enode://13@127.0.0.1:1246': -9, 'enode://14@127.0.0.1:1247': -3, 'enode://15@127.0.0.1:1248': 0, 'enode://16@127.0.0.1:1249': -5, 'enode://17@127.0.0.1:1250': -10, 'enode://18@127.0.0.1:1251': -4, 'enode://19@127.0.0.1:1252': 0, 'enode://20@127.0.0.1:1253': 0, 'enode://21@127.0.0.1:1254': 0, 'enode://22@127.0.0.1:1255': 0, 'enode://23@127.0.0.1:1256': 0, 'enode://24@127.0.0.1:1257': -1, 'enode://25@127.0.0.1:1258': 0}
21 1786841657.824 6275 None {'21': 210, '0': 0, '2': 274, '11': 321, '4': 352, '9': 227, '16': 461, '6': 320, '13': 312, '12': 137, '22': 440, '8': 60, '23': 236, '17': 326, '19': 58, '10': 0, '7': 356, '3': 362, '25': 0, '5': 0, '24': 348, '14': 41, '15': 39, '1': 191, '20': 4, '18': 297} {'enode://1@127.0.0.1:1234': -10, 'enode://2@127.0.0.1:1235': 0, 'enode://3@127.0.0.1:1236': 0, 'enode://4@127.0.0.1:1237': -5, 'enode://5@127.0.0.1:1238': 0, 'enode://6@127.0.0.1:1239': -7, 'enode://7@127.0.0.1:1240': -6, 'enode://8@127.0.0.1:1241': -12, 'enode://9@127.0.0.1:1242': 1, 'enode://10@127.0.0.1:1243': 0, 'enode://11@127.0.0.1:1244': -11, 'enode://12@127.0.0.1:1245': -1, 'enode://13@127.0.0.1:1246': -8, 'enode://14@127.0.0.1:1247': -2, 'enode://15@127.0.0.1:1248': 0, 'enode://16@127.0.0.1:1249': -4, 'enode://17@127.0.0.1:1250': -9, 'enode://18@127.0.0.1:1251': -3, 'enode://19@127.0.0.1:1252': 0, 'enode://20@127.0.0.1:1253': 0, 'enode://21@127.0.0.1:1254': 0, 'enode://22@127.0.0.1:1255': 4, 'enode://23@127.0.0.1:1256': 0, 'enode://24@127.0.0.1:1257': 0, 'enode://25@127.0.0.1:1258': 0}
21 1786841657.824 7003 None {'21': 210, '0': 0, '2': 274, '11': 321, '4': 352, '9': 227, '16': 461, '6': 320, '13': 312, '12': 137, '22': 440, '8': 927, '23': 236, '17': 326, '19': 58, '10': 0, '7': 356, '3': 362, '25': 0, '5': 0, '24': 348, '14': 41, '15': 39, '1': 191, '20': 4, '18': 297} {'enode://1@127.0.0.1:1234': -9, 'enode://2@127.0.0.1:1235': 0, 'enode://3@127.0.0.1:1236': 0, 'enode://4@127.0.0.1:1237': -4, 'enode://5@127.0.0.1:1238': 0, 'enode://6@127.0.0.1:1239': -6, 'enode://7@127.0.0.1:1240': -5, 'enode://8@127.0.0.1:1241': -11, 'enode://9@127.0.0.1:1242': 0, 'enode://10@127.0.0.1:1243': 0, 'enode://11@127.0.0.1:1244': -10, 'enode://12@127.0.0.1:1245': 0, 'enode://13@127.0.0.1:1246': -7, 'enode://14@127.0.0.1:1247': -1, 'enode://15@127.0.0.1:1248': 0, 'enode://16@127.0.0.1:1249': -3, 'enode://17@127.0.0.1:1250': -8, 'enode://18@127.0.0.1:1251': -2, 'enode://19@127.0.0.1:1252': -12, 'enode://20@127.0.0.1:1253': 0, 'enode://21@127.0.0.1:1254': 0, 'enode://22@127.0.0.1:1255': 0, 'enode://23@127.0.0.1:1256': 0, 'enode://24@127.0.0.1:1257': 0, 'enode://25@127.0.0.1:1258': 0}
21 1786841657.824 7521 None {'21': 210, '0': 0, '2': 274, '11': 321, '4': 352, '9': 227, '16': 461, '6': 320, '13': 312, '12': 137, '22': 440, '8': 927, '23': 236, '17': 326, '19': 785, '10': 0, '7': 356, '3': 362, '25': 0, '5': 0, '24': 348, '14': 41, '15': 39, '1': 191, '20': 4, '18': 297} {'enode://1@127.0.0.1:1234': -8, 'enode://2@127.0.0.1:1235': 0, 'enode://3@127.0.0.1:1236': 0, 'enode://4@127.0.0.1:1237': -3, 'enode://5@127.0.0.1:1238': 0, 'enode://6@127.0.0.1:1239': -5, 'enode://7@127.0.0.1:1240': -4, 'enode://8@127.0.0.1:1241': -10, 'enode://9@127.0.0.1:1242': 0, 'enode://10@127.0.0.1:1243': 0, 'enode://11@127.0.0.1:1244': -9, 'enode://12@127.0.0.1:1245': -12, 'enode://13@127.0.0.1:1246': -6, 'enode://14@127.0.0.1:1247': 0, 'enode://15@127.0.0.1:1248': 0, 'enode://16@127.0.0.1:1249': -2, 'enode://17@127.0.0.1:1250': -7, 'enode://18@127.0.0.1:1251': -1, 'enode://19@127.0.0.1:1252': -11, 'enode://20@127.0.0.1:1253': 0, 'enode://21@127.0.0.1:1254': 0, 'enode://22@127.0.0.1:1255': 0, 'enode://23@127.0.0.1:1256': 0, 'enode://24@127.0.0.1:1257': 0, 'enode://25@127.0.0.1:1258': 0}
21 1786841657.825 7839 None {'21': 210, '0': 0, '2': 274, '11': 321, '4': 352, '9': 227, '16': 461, '6': 320, '13': 312, '12': 654, '22': 440, '8': 927, '23': 236, '17': 326, '19': 785, '10': 0, '7': 356, '3': 362, '25': 0, '5': 0, '24': 348, '14': 41, '15': 39, '1': 191, '20': 4, '18': 297} {'enode://1@127.0.0.1:1234': -7, 'enode://2@127.0.0.1:1235': 0, 'enode://3@127.0.0.1:1236': 0, 'enode://4@127.0.0.1:1237': -2, 'enode://5@127.0.0.1:1238': 0, 'enode://6@127.0.0.1:1239': -4, 'enode://7@127.0.0.1:1240': -3, 'enode://8@127.0.0.1:1241': -9, 'enode://9@127.0.0.1:1242': 0, 'enode://10@127.0.0.1:1243': 0, 'enode://11@127.0.0.1:1244': -8, 'enode://12@127.0.0.1:1245': -11, 'enode://13@127.0.0.1:1246': -5, 'enode://14@127.0.0.1:1247': -12, 'enode://15@127.0.0.1:1248': 4, 'enode://16@127.0.0.1:1249': -1, 'enode://17@127.0.0.1:1250': -6, 'enode://18@127.0.0.1:1251': 0, 'enode://19@127.0.0.1:1252': -10, 'enode://20@127.0.0.1:1253': 0, 'enode://21@127.0.0.1:1254': 0, 'enode://22@127.0.0.1:1255': 0, 'enode://23@127.0.0.1:1256': 0, 'enode://24@127.0.0.1:1257': 0, 'enode://25@127.0.0.1:1258': 0}
21 1786841657.825 7844 None {'21': 210, '0': 0, '2': 274, '11': 321, '4': 352, '9': 227, '16': 461, '6': 320, '13': 312, '12': 654, '22': 440, '8': 927, '23': 236, '17': 326, '19': 785, '10': 0, '7': 356, '3': 362, '25': 0, '5': 0, '24': 348, '14': 358, '15': 39, '1': 191, '20': 4, '18': 297} {'enode://1@127.0.0.1:1234': -6, 'enode://2@127.0.0.1:1235': 0, 'enode://3@127.0.0.1:1236': 0, 'enode://4@127.0.0.1:1237': -1, 'enode://5@127.0.0.1:1238': 0, 'enode://6@127.0.0.1:1239': -3, 'enode://7@127.0.0.1:1240': -2, 'enode://8@127.0.0.1:1241': -8, 'enode://9@127.0.0.1:1242': 0, 'enode://10@127.0.0.1:1243': 0, 'enode://11@127.0.0.1:1244': -7, 'enode://12@127.0.0.1:1245': -10, 'enode://13@127.0.0.1:1246': -4, 'enode://14@127.0.0.1:1247': -11, 'enode://15@127.0.0.1:1248': -12, 'enode://16@127.0.0.1:1249': 0, 'enode://17@127.0.0.1:1250': -5, 'enode://18@127.0.0.1:1251': 1, 'enode://19@127.0.0.1:1252': -9, 'enode://20@127.0.0.1:1253': 0, 'enode://21@127.0.0.1:1254': 0, 'enode://22@127.0.0.1:1255': 0, 'enode://23@127.0.0.1:1256': 0, 'enode://24@127.0.0.1:1257': 0, 'enode://25@127.0.0.1:1258': 0}
21 1786841657.825 7913 None {'21': 210, '0': 0, '2': 274, '11': 321, '4': 352, '9': 227, '16': 461, '6': 320, '13': 312, '12': 654, '22': 440, '8': 927, '23': 236, '17': 326, '19': 785, '10': 0, '7': 356, '3': 362, '25': 0, '5': 0, '24': 348, '14': 358, '15': 43, '1': 191, '20': 4, '18': 297} {'enode://1@127.0.0.1:1234': -5, 'enode://2@127.0.0.1:1235': 0, 'enode://3@127.0.0.1:1236': 0, 'enode://4@127.0.0.1:1237': 0, 'enode://5@127.0.0.1:1238': 0, 'enode://6@127.0.0.1:1239': -2, 'enode://7@127.0.0.1:1240': -1, 'enode://8@127.0.0.1:1241': -7, 'enode://9@127.0.0.1:1242': 0, 'enode://10@127.0.0.1:1243': 0, 'enode://11@127.0.0.1:1244': -6, 'enode://12@127.0.0.1:1245': -9, 'enode://13@127.0.0.1:1246': -3, 'enode://14@127.0.0.1:1247': -10, 'enode://15@127.0.0.1:1248': -11, 'enode://16@127.0.0.1:1249': 0, 'enode://17@127.0.0.1:1250': -4, 'enode://18@127.0.0.1:1251': -12, 'enode://19@127.0.0.1:1252': -8, 'enode://20@127.0.0.1:1253': 0, 'enode://21@127.0.0.1:1254': 0, 'enode://22@127.0.0.1:1255': 0, 'enode://23@127.0.0.1:1256': 0, 'enode://24@127.0.0.1:1257': 0, 'enode://25@127.0.0.1:1258': 0}
21 1786841657.825 8710 None {'21': 210, '0': 0, '2': 274, '11': 321, '4': 352, '9': 227, '16': 461, '6': 320, '13': 312, '12': 654, '22': 440, '8': 927, '23': 236, '17': 326, '19': 785, '10': 0, '7': 356, '3': 362, '25': 0, '5': 0, '24': 348, '14': 358, '15': 43, '1': 191, '20': 4, '18': 365} {'enode://1@127.0.0.1:1234': -4, 'enode://2@127.0.0.1:1235': 1, 'enode://3@127.0.0.1:1236': 0, 'enode://4@127.0.0.1:1237': 5, 'enode://5@127.0.0.1:1238': 0, 'enode://6@127.0.0.1:1239': -1, 'enode://7@127.0.0.1:1240': 0, 'enode://8@127.0.0.1:1241': -6, 'enode://9@127.0.0.1:1242': 1, 'enode://10@127.0.0.1:1243': 1, 'enode://11@127.0.0.1:1244': -5, 'enode://12@127.0.0.1:1245': -8, 'enode://13@127.0.0.1:1246': -2, 'enode://14@127.0.0.1:1247': -9, 'enode://15@127.0.0.1:1248': -10, 'enode://16@127.0.0.1:1249': -12, 'enode://17@127.0.0.1:1250': -3, 'enode://18@127.0.0.1:1251': -11, 'enode://19@127.0.0.1:1252': -7, 'enode://20@127.0.0.1:1253': 0, 'enode://21@127.0.0.1:1254': 0, 'enode://22@127.0.0.1:1255': 0, 'enode://23@127.0.0.1:1256': 0, 'enode://24@127.0.0.1:1257': 2, 'enode://25@127.0.0.1:1258': 0}
21 1786841657.825 8736 None {'21': 210, '0': 0, '2': 274, '11': 321, '4': 352, '9': 227, '16': 1257, '6': 320, '13': 312, '12': 654, '22': 440, '8': 927, '23': 236, '17': 326, '19': 785, '10': 0, '7': 356, '3': 362, '25': 0, '5': 0, '24': 348, '14': 358, '15': 43, '1': 191, '20': 4, '18': 365} {'enode://1@127.0.0.1:1234': -3, 'enode://2@127.0.0.1:1235': 2, 'enode://3@127.0.0.1:1236': 0, 'enode://4@127.0.0.1:1237': 0, 'enode://5@127.0.0.1:1238': 0, 'enode://6@127.0.0.1:1239': 0, 'enode://7@127.0.0.1:1240': 0, 'enode://8@127.0.0.1:1241': -5, 'enode://9@127.0.0.1:1242': 2, 'enode://10@127.0.0.1:1243': 3, 'enode://11@127.0.0.1:1244': -4, 'enode://12@127.0.0.1:1245': -7, 'enode://13@127.0.0.1:1246': -1, 'enode://14@127.0.0.1:1247': -8, 'enode://15@127.0.0.1:1248': -9, 'enode://16@127.0.0.1:1249': -11, 'enode://17@127.0.0.1:1250': -2, 'enode://18@127.0.0.1:1251': -10, 'enode://19@127.0.0.1:1252': -6, 'enode://20@127.0.0.1:1253': 0, 'enode://21@127.0.0.1:1254': 0, 'enode://22@127.0.0.1:1255': 0, 'enode://23@127.0.0.1:1256': 0, 'enode://24@127.0.0.1:1257': -12, 'enode://25@127.0.0.1:1258': 0}
21 1786841657.825 8750 None {'21': 210, '0': 0, '2': 274, '11': 321, '4': 352, '9': 227, '16': 1257, '6': 320, '13': 312, '12': 654, '22': 440, '8': 927, '23': 236, '17': 326, '19': 785, '10': 0, '7': 356, '3': 362, '25': 0, '5': 0, '24': 373, '14': 358, '15': 43, '1': 191, '20': 4, '18': 365} {'enode://1@127.0.0.1:1234': -2, 'enode://2@127.0.0.1:1235': 1, 'enode://3@127.0.0.1:1236': 0, 'enode://4@127.0.0.1:1237': 0, 'enode://5@127.0.0.1:1238': 0, 'enode://6@127.0.0.1:1239': 0, 'enode://7@127.0.0.1:1240': 0, 'enode://8@127.0.0.1:1241': -4, 'enode://9@127.0.0.1:1242': 2, 'enode://10@127.0.0.1:1243': -12, 'enode://11@127.0.0.1:1244': -3, 'enode://12@127.0.0.1:1245': -6, 'enode://13@127.0.0.1:1246': 0, 'enode://14@127.0.0.1:1247': -7, 'enode://15@127.0.0.1:1248': -8, 'enode://16@127.0.0.1:1249': -10, 'enode://17@127.0.0.1:1250': -1, 'enode://18@127.0.0.1:1251': -9, 'enode://19@127.0.0.1:1252': -5, 'enode://20@127.0.0.1:1253': 0, 'enode://21@127.0.0.1:1254': 0, 'enode://22@127.0.0.1:1255': 0, 'enode://23@127.0.0.1:1256': 0, 'enode://24@127.0.0.1:1257': -11, 'enode://25@127.0.0.1:1258': 0}
21 1786841657.825 8789 None {'21': 210, '0': 0, '2': 274, '11': 321, '4': 352, '9': 227, '16': 1257, '6': 320, '13': 312, '12': 654, '22': 440, '8': 927, '23': 236, '17': 326, '19': 785, '10': 13, '7': 356, '3': 362, '25': 0, '5': 0, '24': 373, '14': 358, '15': 43, '1': 191, '20': 4, '18': 365} {'enode://1@127.0.0.1:1234': -1, 'enode://2@127.0.0.1:1235': 2, 'enode://3@127.0.0.1:1236': 0, 'enode://4@127.0.0.1:1237': 0, 'enode://5@127.0.0.1:1238': 0, 'enode://6@127.0.0.1:1239': 0, 'enode://7@127.0.0.1:1240': 0, 'enode://8@127.0.0.1:1241': -3, 'enode://9@127.0.0.1:1242': -12, 'enode://10@127.0.0.1:1243': -11, 'enode://11@127.0.0.1:1244': -2, 'enode://12@127.0.0.1:1245': -5, 'enode://13@127.0.0.1:1246': 0, 'enode://14@127.0.0.1:1247': -6, 'enode://15@127.0.0.1:1248': -7, 'enode://16@127.0.0.1:1249': -9, 'enode://17@127.0.0.1:1250': 0, 'enode://18@127.0.0.1:1251': -8, 'enode://19@127.0.0.1:1252': -4, 'enode://20@127.0.0.1:1253': 0, 'enode://21@127.0.0.1:1254': 0, 'enode://22@127.0.0.1:1255': 0, 'enode://23@127.0.0.1:1256': 0, 'enode://24@127.0.0.1:1257': -10, 'enode://25@127.0.0.1:1258': 0}
21 1786841657.825 8823 None {'21': 210, '0': 0, '2': 274, '11': 321, '4': 352, '9': 265, '16': 1257, '6': 320, '13': 312, '12': 654, '22': 440, '8': 927, '23': 236, '17': 326, '19': 785, '10': 13, '7': 356, '3': 362, '25': 0, '5': 0, '24': 373, '14': 358, '15': 43, '1': 191, '20': 4, '18': 365} {'enode://1@127.0.0.1:1234': 0, 'enode://2@127.0.0.1:1235': -12, 'enode://3@127.0.0.1:1236': 0, 'enode://4@127.0.0.1:1237': 0, 'enode://5@127.0.0.1:1238': 0, 'enode://6@127.0.0.1:1239': 0, 'enode://7@127.0.0.1:1240': 0, 'enode://8@127.0.0.1:1241': -2, 'enode://9@127.0.0.1:1242': -11, 'enode://10@127.0.0.1:1243': -10, 'enode://11@127.0.0.1:1244': -1, 'enode://12@127.0.0.1:1245': -4, 'enode://13@127.0.0.1:1246': 0, 'enode://14@127.0.0.1:1247': -5, 'enode://15@127.0.0.1:1248': -6, 'enode://16@127.0.0.1:1249': -8, 'enode://17@127.0.0.1:1250': 0, 'enode://18@127.0.0.1:1251': -7, 'enode://19@127.0.0.1:1252': -3, 'enode://20@127.0.0.1:1253': 0, 'enode://21@127.0.0.1:1254': 0, 'enode://22@127.0.0.1:1255': 0, 'enode://23@127.0.0.1:1256': 0, 'enode://24@127.0.0.1:1257': -9, 'enode://25@127.0.0.1:1258': 0}
21 1786841657.825 9340 None {'21': 210, '0': 0, '2': 307, '11': 321, '4': 352, '9': 265, '16': 1257, '6': 320, '13': 312, '12': 654, '22': 440, '8': 927, '23': 236, '17': 326, '19': 785, '10': 13, '7': 356, '3': 362, '25': 0, '5': 0, '24': 373, '14': 358, '15': 43, '1': 191, '20': 4, '18': 365} {'enode://1@127.0.0.1:1234': 1, 'enode://2@127.0.0.1:1235': -11, 'enode://3@127.0.0.1:1236': 0, 'enode://4@127.0.0.1:1237': -12, 'enode://5@127.0.0.1:1238': 0, 'enode://6@127.0.0.1:1239': 2, 'enode://7@127.0.0.1:1240': 1, 'enode://8@127.0.0.1:1241': -1, 'enode://9@127.0.0.1:1242': -10, 'enode://10@127.0.0.1:1243': -9, 'enode://11@127.0.0.1:1244': 0, 'enode://12@127.0.0.1:1245': -3, 'enode://13@127.0.0.1:1246': 0, 'enode://14@127.0.0.1:1247': -4, 'enode://15@127.0.0.1:1248': -5, 'enode://16@127.0.0.1:1249': -7, 'enode://17@127.0.0.1:1250': 0, 'enode://18@127.0.0.1:1251': -6, 'enode://19@127.0.0.1:1252': -2, 'enode://20@127.0.0.1:1253': 1, 'enode://21@127.0.0.1:1254': 0, 'enode://22@127.0.0.1:1255': 0, 'enode://23@127.0.0.1:1256': 0, 'enode://24@127.0.0.1:1257': -8, 'enode://25@127.0.0.1:1258': 0}
21 1786841657.825 9561 None {'21': 210, '0': 0, '2': 307, '11': 321, '4': 868, '9': 265, '16': 1257, '6': 320, '13': 312, '12': 654, '22': 440, '8': 927, '23': 236, '17': 326, '19': 785, '10': 13, '7': 356, '3': 362, '25': 0, '5': 0, '24': 373, '14': 358, '15': 43, '1': 191, '20': 4, '18': 365} {'enode://1@127.0.0.1:1234': 0, 'enode://2@127.0.0.1:1235': -10, 'enode://3@127.0.0.1:1236': 0, 'enode://4@127.0.0.1:1237': -11, 'enode://5@127.0.0.1:1238': 0, 'enode://6@127.0.0.1:1239': 0, 'enode://7@127.0.0.1:1240': -12, 'enode://8@127.0.0.1:1241': 0, 'enode://9@127.0.0.1:1242': -9, 'enode://10@127.0.0.1:1243': -8, 'enode://11@127.0.0.1:1244': 3, 'enode://12@127.0.0.1:1245': -2, 'enode://13@127.0.0.1:1246': 0, 'enode://14@127.0.0.1:1247': -3, 'enode://15@127.0.0.1:1248': -4, 'enode://16@127.0.0.1:1249': -6, 'enode://17@127.0.0.1:1250': 3, 'enode://18@127.0.0.1:1251': -5, 'enode://19@127.0.0.1:1252': -1, 'enode://20@127.0.0.1:1253': 0, 'enode://21@127.0.0.1:1254': 0, 'enode://22@127.0.0.1:1255': 0, 'enode://23@127.0.0.1:1256': 0, 'enode://24@127.0.0.1:1257': -7, 'enode://25@127.0.0.1:1258': 0}
21 1786841657.825 9632 None {'21': 210, '0': 0, '2': 307, '11': 321, '4': 868, '9': 265, '16': 1257, '6': 320, '13': 312, '12': 654, '22': 440, '8': 927, '23': 236, '17': 326, '19': 785, '10': 13, '7': 576, '3': 362, '25': 0, '5': 0, '24': 373, '14': 358, '15': 43, '1': 191, '20': 4, '18': 365} {'enode://1@127.0.0.1:1234': 0, 'enode://2@127.0.0.1:1235': -9, 'enode://3@127.0.0.1:1236': 0, 'enode://4@127.0.0.1:1237': -10, 'enode://5@127.0.0.1:1238': 0, 'enode://6@127.0.0.1:1239': 0, 'enode://7@127.0.0.1:1240': -11, 'enode://8@127.0.0.1:1241': 0, 'enode://9@127.0.0.1:1242': -8, 'enode://10@127.0.0.1:1243': -7, 'enode://11@127.0.0.1:1244': 3, 'enode://12@127.0.0.1:1245': -1, 'enode://13@127.0.0.1:1246': 0, 'enode://14@127.0.0.1:1247': -2, 'enode://15@127.0.0.1:1248': -3, 'enode://16@127.0.0.1:1249': -5, 'enode://17@127.0.0.1:1250': -12, 'enode://18@127.0.0.1:1251': -4, 'enode://19@127.0.0.1:1252': 0, 'enode://20@127.0.0.1:1253': 0, 'enode://21@127.0.0.1:1254': 0, 'enode://22@127.0.0.1:1255': 0, 'enode://23@127.0.0.1:1256': 0, 'enode://24@127.0.0.1:1257': -6, 'enode://25@127.0.0.1:1258': 0}
21 1786841657.825 9704 None {'21': 210, '0': 0, '2': 307, '11': 321, '4': 868, '9': 265, '16': 1257, '6': 320, '13': 312, '12': 654, '22': 440, '8': 927, '23': 236, '17': 396, '19': 785, '10': 13, '7': 576, '3': 362, '25': 0, '5': 0, '24': 373, '14': 358, '15': 43, '1': 191, '20': 4, '18': 365} {'enode://1@127.0.0.1:1234': 3, 'enode://2@127.0.0.1:1235': -8, 'enode://3@127.0.0.1:1236': 0, 'enode://4@127.0.0.1:1237': -9, 'enode://5@127.0.0.1:1238': 0, 'enode://6@127.0.0.1:1239': 0, 'enode://7@127.0.0.1:1240': -10, 'enode://8@127.0.0.1:1241': 0, 'enode://9@127.0.0.1:1242': -7, 'enode://10@127.0.0.1:1243': -6, 'enode://11@127.0.0.1:1244': -12, 'enode://12@127.0.0.1:1245': 0, 'enode://13@127.0.0.1:1246': 0, 'enode://14@127.0.0.1:1247': -1, 'enode://15@127.0.0.1:1248': -2, 'enode://16@127.0.0.1:1249': -4, 'enode://17@127.0.0.1:1250': -11, 'enode://18@127.0.0.1:1251': -3, 'enode://19@127.0.0.1:1252': 2, 'enode://20@127.0.0.1:1253': 0, 'enode://21@127.0.0.1:1254': 0, 'enode://22@127.0.0.1:1255': 0, 'enode://23@127.0.0.1:1256': 0, 'enode://24@127.0.0.1:1257': -5, 'enode://25@127.0.0.1:1258': 0}
21 1786841657.825 9738 None {'21': 210, '0': 0, '2': 307, '11': 392, '4': 868, '9': 265, '16': 1257, '6': 320, '13': 312, '12': 654, '22': 440, '8': 927, '23': 236, '17': 396, '19': 785, '10': 13, '7': 576, '3': 362, '25': 0, '5': 0, '24': 373, '14': 358, '15': 43, '1': 191, '20': 4, '18': 365} {'enode://1@127.0.0.1:1234': -12, 'enode://2@127.0.0.1:1235': -7, 'enode://3@127.0.0.1:1236': 0, 'enode://4@127.0.0.1:1237': -8, 'enode://5@127.0.0.1:1238': 0, 'enode://6@127.0.0.1:1239': 0, 'enode://7@127.0.0.1:1240': -9, 'enode://8@127.0.0.1:1241': 0, 'enode://9@127.0.0.1:1242': -6, 'enode://10@127.0.0.1:1243': -5, 'enode://11@127.0.0.1:1244': -11, 'enode://12@127.0.0.1:1245': 2, 'enode://13@127.0.0.1:1246': 0, 'enode://14@127.0.0.1:1247': 0, 'enode://15@127.0.0.1:1248': -1, 'enode://16@127.0.0.1:1249': -3, 'enode://17@127.0.0.1:1250': -10, 'enode://18@127.0.0.1:1251': -2, 'enode://19@127.0.0.1:1252': 3, 'enode://20@127.0.0.1:1253': 0, 'enode://21@127.0.0.1:1254': 0, 'enode://22@127.0.0.1:1255': 0, 'enode://23@127.0.0.1:1256': 0, 'enode://24@127.0.0.1:1257': -4, 'enode://25@127.0.0.1:1258': 0}
21 1786841657.825 9761 None {'21': 210, '0': 0, '2': 307, '11': 392, '4': 868, '9': 265, '16': 1257, '6': 320, '13': 312, '12': 654, '22': 440, '8': 927, '23': 236, '17': 396, '19': 785, '10': 13, '7': 576, '3': 362, '25': 0, '5': 0, '24': 373, '14': 358, '15': 43, '1': 224, '20': 4, '18': 365} {'enode://1@127.0.0.1:1234': -11, 'enode://2@127.0.0.1:1235': -6, 'enode://3@127.0.0.1:1236': 0, 'enode://4@127.0.0.1:1237': -7, 'enode://5@127.0.0.1:1238': 0, 'enode://6@127.0.0.1:1239': 0, 'enode://7@127.0.0.1:1240': -8, 'enode://8@127.0.0.1:1241': 0, 'enode://9@127.0.0.1:1242': -5, 'enode://10@127.0.0.1:1243': -4, 'enode://11@127.0.0.1:1244': -10, 'enode://12@127.0.0.1:1245': 2, 'enode://13@127.0.0.1:1246': 0, 'enode://14@127.0.0.1:1247': 0, 'enode://15@127.0.0.1:1248': 0, 'enode://16@127.0.0.1:1249': -2, 'enode://17@127.0.0.1:1250': -9, 'enode://18@127.0.0.1:1251': -1, 'enode://19@127.0.0.1:1252': -12, 'enode://20@127.0.0.1:1253': 0, 'enode://21@127.0.0.1:1254': 0, 'enode://22@127.0.0.1:1255': 0, 'enode://23@127.0.0.1:1256': 0, 'enode://24@127.0.0.1:1257': -3, 'enode://25@127.0.0.1:1258': 0}
21 1786841657.825 10419 None {'21': 210, '0': 0, '2': 307, '11': 392, '4': 868, '9': 265, '16': 1257, '6': 320, '13': 312, '12': 654, '22': 440, '8': 927, '23': 236, '17': 396, '19': 807, '10': 13, '7': 576, '3': 362, '25': 0, '5': 0, '24': 373, '14': 358, '15': 43, '1': 224, '20': 4, '18': 365} {'enode://1@127.0.0.1:1234': -10, 'enode://2@127.0.0.1:1235': -5, 'enode://3@127.0.0.1:1236': 0, 'enode://4@127.0.0.1:1237': -6, 'enode://5@127.0.0.1:1238': 0, 'enode://6@127.0.0.1:1239': 1, 'enode://7@127.0.0.1:1240': -7, 'enode://8@127.0.0.1:1241': 0, 'enode://9@127.0.0.1:1242': -4, 'enode://10@127.0.0.1:1243': -3, 'enode://11@127.0.0.1:1244': -9, 'enode://12@127.0.0.1:1245': 0, 'enode://13@127.0.0.1:1246': 0, 'enode://14@127.0.0.1:1247': 7, 'enode://15@127.0.0.1:1248': -12, 'enode://16@127.0.0.1:1249': -1, 'enode://17@127.0.0.1:1250': -8, 'enode://18@127.0.0.1:1251': 0, 'enode://19@127.0.0.1:1252': -11, 'enode://20@127.0.0.1:1253': 0, 'enode://21@127.0.0.1:1254': 0, 'enode://22@127.0.0.1:1255': 0, 'enode://23@127.0.0.1:1256': 0, 'enode://24@127.0.0.1:1257': -2, 'enode://25@127.0.0.1:1258': 0}
21 1786841657.825 10485 None {'21': 210, '0': 0, '2': 307, '11': 392, '4': 868, '9': 265, '16': 1257, '6': 320, '13': 312, '12': 654, '22': 440, '8': 927, '23': 236, '17': 396, '19': 807, '10': 13, '7': 576, '3': 362, '25': 0, '5': 0, '24': 373, '14': 358, '15': 700, '1': 224, '20': 4, '18': 365} {'enode://1@127.0.0.1:1234': -9, 'enode://2@127.0.0.1:1235': -4, 'enode://3@127.0.0.1:1236': 0, 'enode://4@127.0.0.1:1237': -5, 'enode://5@127.0.0.1:1238': 0, 'enode://6@127.0.0.1:1239': 0, 'enode://7@127.0.0.1:1240': -6, 'enode://8@127.0.0.1:1241': 0, 'enode://9@127.0.0.1:1242': -3, 'enode://10@127.0.0.1:1243': -2, 'enode://11@127.0.0.1:1244': -8, 'enode://12@127.0.0.1:1245': 0, 'enode://13@127.0.0.1:1246': 0, 'enode://14@127.0.0.1:1247': -12, 'enode://15@127.0.0.1:1248': -11, 'enode://16@127.0.0.1:1249': 0, 'enode://17@127.0.0.1:1250': -7, 'enode://18@127.0.0.1:1251': 8, 'enode://19@127.0.0.1:1252': -10, 'enode://20@127.0.0.1:1253': 0, 'enode://21@127.0.0.1:1254': 0, 'enode://22@127.0.0.1:1255': 0, 'enode://23@127.0.0.1:1256': 0, 'enode://24@127.0.0.1:1257': -1, 'enode://25@127.0.0.1:1258': 0}
21 1786841657.826 10493 None {'21': 210, '0': 0, '2': 307, '11': 392, '4': 868, '9': 265, '16': 1257, '6': 320, '13': 312, '12': 654, '22': 440, '8': 927, '23': 236, '17': 396, '19': 807, '10': 13, '7': 576, '3': 362, '25': 0, '5': 0, '24': 373, '14': 423, '15': 700, '1': 224, '20': 4, '18': 365} {'enode://1@127.0.0.1:1234': -8, 'enode://2@127.0.0.1:1235': -3, 'enode://3@127.0.0.1:1236': 0, 'enode://4@127.0.0.1:1237': -4, 'enode://5@127.0.0.1:1238': 0, 'enode://6@127.0.0.1:1239': 0, 'enode://7@127.0.0.1:1240': -5, 'enode://8@127.0.0.1:1241': 0, 'enode://9@127.0.0.1:1242': -2, 'enode://10@127.0.0.1:1243': -1, 'enode://11@127.0.0.1:1244': -7, 'enode://12@127.0.0.1:1245': 0, 'enode://13@127.0.0.1:1246': 0, 'enode://14@127.0.0.1:1247': -11, 'enode://15@127.0.0.1:1248': -10, 'enode://16@127.0.0.1:1249': 6, 'enode://17@127.0.0.1:1250': -6, 'enode://18@127.0.0.1:1251': -12, 'enode://19@127.0.0.1:1252': -9, 'enode://20@127.0.0.1:1253': 0, 'enode://21@127.0.0.1:1254': 0, 'enode://22@127.0.0.1:1255': 0, 'enode://23@127.0.0.1:1256': 0, 'enode://24@127.0.0.1:1257': 0, 'enode://25@127.0.0.1:1258': 0}
21 1786841657.826 10538 None {'21': 210, '0': 0, '2': 307, '11': 392, '4': 868, '9': 265, '16': 1257, '6': 320, '13': 312, '12': 654, '22': 440, '8': 927, '23': 236, '17': 396, '19': 807, '10': 13, '7': 576, '3': 362, '25': 0, '5': 0, '24': 373, '14': 423, '15': 700, '1': 224, '20': 4, '18': 372} {'enode://1@127.0.0.1:1234': -7, 'enode://2@127.0.0.1:1235': -2, 'enode://3@127.0.0.1:1236': 0, 'enode://4@127.0.0.1:1237': -3, 'enode://5@127.0.0.1:1238': 0, 'enode://6@127.0.0.1:1239': 0, 'enode://7@127.0.0.1:1240': -4, 'enode://8@127.0.0.1:1241': 0, 'enode://9@127.0.0.1:1242': -1, 'enode://10@127.0.0.1:1243': 0, 'enode://11@127.0.0.1:1244': -6, 'enode://12@127.0.0.1:1245': 0, 'enode://13@127.0.0.1:1246': 0, 'enode://14@127.0.0.1:1247': -10, 'enode://15@127.0.0.1:1248': -9, 'enode://16@127.0.0.1:1249': -12, 'enode://17@127.0.0.1:1250': -5, 'enode://18@127.0.0.1:1251': -11, 'enode://19@127.0.0.1:1252': -8, 'enode://20@127.0.0.1:1253': 0, 'enode://21@127.0.0.1:1254': 0, 'enode://22@127.0.0.1:1255': 0, 'enode://23@127.0.0.1:1256': 0, 'enode://24@127.0.0.1:1257': 2, 'enode://25@127.0.0.1:1258': 0}
21 1786841657.826 10584 None {'21': 210, '0': 0, '2': 307, '11': 392, '4': 868, '9': 265, '16': 1301, '6': 320, '13': 312, '12': 654, '22': 440, '8': 927, '23': 236, '17': 396, '19': 807, '10': 13, '7': 576, '3': 362, '25': 0, '5': 0, '24': 373, '14': 423, '15': 700, '1': 224, '20': 4, '18': 372} {'enode://1@127.0.0.1:1234': -6, 'enode://2@127.0.0.1:1235': -1, 'enode://3@127.0.0.1:1236': 0, 'enode://4@127.0.0.1:1237': -2, 'enode://5@127.0.0.1:1238': 0, 'enode://6@127.0.0.1:1239': 0, 'enode://7@127.0.0.1:1240': -3, 'enode://8@127.0.0.1:1241': 0, 'enode://9@127.0.0.1:1242': 0, 'enode://10@127.0.0.1:1243': 0, 'enode://11@127.0.0.1:1244': -5, 'enode://12@127.0.0.1:1245': 0, 'enode://13@127.0.0.1:1246': 0, 'enode://14@127.0.0.1:1247': -9, 'enode://15@127.0.0.1:1248': -8, 'enode://16@127.0.0.1:1249': -11, 'enode://17@127.0.0.1:1250': -4, 'enode://18@127.0.0.1:1251': -10, 'enode://19@127.0.0.1:1252': -7, 'enode://20@127.0.0.1:1253': 0, 'enode://21@127.0.0.1:1254': 0, 'enode://22@127.0.0.1:1255': 0, 'enode://23@127.0.0.1:1256': 0, 'enode://24@127.0.0.1:1257': -12, 'enode://25@127.0.0.1:1258': 0}
21 1786841657.826 12984 None {'21': 210, '0': 0, '2': 307, '11': 392, '4': 868, '9': 265, '16': 1301, '6': 320, '13': 312, '12': 654, '22': 440, '8': 927, '23': 236, '17': 396, '19': 807, '10': 13, '7': 576, '3': 362, '25': 0, '5': 0, '24': 418, '14': 423, '15': 700, '1': 224, '20': 4, '18': 372} {'enode://1@127.0.0.1:1234': -5, 'enode://2@127.0.0.1:1235': 0, 'enode://3@127.0.0.1:1236': 5, 'enode://4@127.0.0.1:1237': -1, 'enode://5@127.0.0.1:1238': 5, 'enode://6@127.0.0.1:1239': 0, 'enode://7@127.0.0.1:1240': -2, 'enode://8@127.0.0.1:1241': 0, 'enode://9@127.0.0.1:1242': 5, 'enode://10@127.0.0.1:1243': 1, 'enode://11@127.0.0.1:1244': -4, 'enode://12@127.0.0.1:1245': 0, 'enode://13@127.0.0.1:1246': 0, 'enode://14@127.0.0.1:1247': -8, 'enode://15@127.0.0.1:1248': -7, 'enode://16@127.0.0.1:1249': -10, 'enode://17@127.0.0.1:1250': -3, 'enode://18@127.0.0.1:1251': -9, 'enode://19@127.0.0.1:1252': -6, 'enode://20@127.0.0.1:1253': 0, 'enode://21@127.0.0.1:1254': -12, 'enode://22@127.0.0.1:1255': 5, 'enode://23@127.0.0.1:1256': 3, 'enode://24@127.0.0.1:1257': -11, 'enode://25@127.0.0.1:1258': 1}
21 1786841657.826 12989 None {'21': 2609, '0': 0, '2': 307, '11': 392, '4': 868, '9': 265, '16': 1301, '6': 320, '13': 312, '12': 654, '22': 440, '8': 927, '23': 236, '17': 396, '19': 807, '10': 13, '7': 576, '3': 362, '25': 0, '5': 0, '24': 418, '14': 423, '15': 700, '1': 224, '20': 4, '18': 372} {'enode://1@127.0.0.1:1234': -4, 'enode://2@127.0.0.1:1235': 0, 'enode://3@127.0.0.1:1236': 1, 'enode://4@127.0.0.1:1237': 0, 'enode://5@127.0.0.1:1238': 2, 'enode://6@127.0.0.1:1239': 0, 'enode://7@127.0.0.1:1240': -1, 'enode://8@127.0.0.1:1241': 0, 'enode://9@127.0.0.1:1242': 1, 'enode://10@127.0.0.1:1243': 0, 'enode://11@127.0.0.1:1244': -3, 'enode://12@127.0.0.1:1245': 0, 'enode://13@127.0.0.1:1246': 0, 'enode://14@127.0.0.1:1247': -7, 'enode://15@127.0.0.1:1248': -6, 'enode://16@127.0.0.1:1249': -9, 'enode://17@127.0.0.1:1250': -2, 'enode://18@127.0.0.1:1251': -8, 'enode://19@127.0.0.1:1252': -5, 'enode://20@127.0.0.1:1253': 0, 'enode://21@127.0.0.1:1254': -11, 'enode://22@127.0.0.1:1255': -12, 'enode://23@127.0.0.1:1256': 2, 'enode://24@127.0.0.1:1257': -10, 'enode://25@127.0.0.1:1258': 0}
21 1786841657.826 13108 None {'21': 2609, '0': 0, '2': 307, '11': 392, '4': 868, '9': 265, '16': 1301, '6': 320, '13': 312, '12': 654, '22': 444, '8': 927, '23': 236, '17': 396, '19': 807, '10': 13, '7': 576, '3': 362, '25': 0, '5': 0, '24': 418, '14': 423, '15': 700, '1': 224, '20': 4, '18': 372} {'enode://1@127.0.0.1:1234': -3, 'enode://2@127.0.0.1:1235': 0, 'enode://3@127.0.0.1:1236': 2, 'enode://4@127.0.0.1:1237': 0, 'enode://5@127.0.0.1:1238': 2, 'enode://6@127.0.0.1:1239': 2, 'enode://7@127.0.0.1:1240': 0, 'enode://8@127.0.0.1:1241': 0, 'enode://9@127.0.0.1:1242': 5, 'enode://10@127.0.0.1:1243': 2, 'enode://11@127.0.0.1:1244': -2, 'enode://12@127.0.0.1:1245': 0, 'enode://13@127.0.0.1:1246': 0, 'enode://14@127.0.0.1:1247': -6, 'enode://15@127.0.0.1:1248': -5, 'enode://16@127.0.0.1:1249': -8, 'enode://17@127.0.0.1:1250': -1, 'enode://18@127.0.0.1:1251': -7, 'enode://19@127.0.0.1:1252': -4, 'enode://20@127.0.0.1:1253': 0, 'enode://21@127.0.0.1:1254': -10, 'enode://22@127.0.0.1:1255': -11, 'enode://23@127.0.0.1:1256': -12, 'enode://24@127.0.0.1:1257': -9, 'enode://25@127.0.0.1:1258': 3}
21 1786841657.826 13166 None {'21': 2609, '0': 0, '2': 307, '11': 392, '4': 868, '9': 265, '16': 1301, '6': 320, '13': 312, '12': 654, '22': 444, '8': 927, '23': 354, '17': 396, '19': 807, '10': 13, '7': 576, '3': 362, '25': 0, '5': 0, '24': 418, '14': 423, '15': 700, '1': 224, '20': 4, '18': 372} {'enode://1@127.0.0.1:1234': -2, 'enode://2@127.0.0.1:1235': 0, 'enode://3@127.0.0.1:1236': 0, 'enode://4@127.0.0.1:1237': 0, 'enode://5@127.0.0.1:1238': 2, 'enode://6@127.0.0.1:1239': 0, 'enode://7@127.0.0.1:1240': 6, 'enode://8@127.0.0.1:1241': 0, 'enode://9@127.0.0.1:1242': -12, 'enode://10@127.0.0.1:1243': 0, 'enode://11@127.0.0.1:1244': -1, 'enode://12@127.0.0.1:1245': 0, 'enode://13@127.0.0.1:1246': 0, 'enode://14@127.0.0.1:1247': -5, 'enode://15@127.0.0.1:1248': -4, 'enode://16@127.0.0.1:1249': -7, 'enode://17@127.0.0.1:1250': 0, 'enode://18@127.0.0.1:1251': -6, 'enode://19@127.0.0.1:1252': -3, 'enode://20@127.0.0.1:1253': 0, 'enode://21@127.0.0.1:1254': -9, 'enode://22@127.0.0.1:1255': -10, 'enode://23@127.0.0.1:1256': -11, 'enode://24@127.0.0.1:1257': -8, 'enode://25@127.0.0.1:1258': 0}
21 1786841657.826 13244 None {'21': 2609, '0': 0, '2': 307, '11': 392, '4': 868, '9': 322, '16': 1301, '6': 320, '13': 312, '12': 654, '22': 444, '8': 927, '23': 354, '17': 396, '19': 807, '10': 13, '7': 576, '3': 362, '25': 0, '5': 0, '24': 418, '14': 423, '15': 700, '1': 224, '20': 4, '18': 372} {'enode://1@127.0.0.1:1234': -1, 'enode://2@127.0.0.1:1235': 0, 'enode://3@127.0.0.1:1236': 0, 'enode://4@127.0.0.1:1237': 0, 'enode://5@127.0.0.1:1238': 1, 'enode://6@127.0.0.1:1239': 0, 'enode://7@127.0.0.1:1240': -12, 'enode://8@127.0.0.1:1241': 0, 'enode://9@127.0.0.1:1242': -11, 'enode://10@127.0.0.1:1243': 1, 'enode://11@127.0.0.1:1244': 0, 'enode://12@127.0.0.1:1245': 0, 'enode://13@127.0.0.1:1246': 0, 'enode://14@127.0.0.1:1247': -4, 'enode://15@127.0.0.1:1248': -3, 'enode://16@127.0.0.1:1249': -6, 'enode://17@127.0.0.1:1250': 0, 'enode://18@127.0.0.1:1251': -5, 'enode://19@127.0.0.1:1252': -2, 'enode://20@127.0.0.1:1253': 0, 'enode://21@127.0.0.1:1254': -8, 'enode://22@127.0.0.1:1255': -9, 'enode://23@127.0.0.1:1256': -10, 'enode://24@127.0.0.1:1257': -7, 'enode://25@127.0.0.1:1258': 0}
21 1786841657.826 13420 None {'21': 2609, '0': 0, '2': 307, '11': 392, '4': 868, '9': 322, '16': 1301, '6': 320, '13': 312, '12': 654, '22': 444, '8': 927, '23': 354, '17': 396, '19': 807, '10': 13, '7': 653, '3': 362, '25': 0, '5': 0, '24': 418, '14': 423, '15': 700, '1': 224, '20': 4, '18': 372} {'enode://1@127.0.0.1:1234': 0, 'enode://2@127.0.0.1:1235': -12, 'enode://3@127.0.0.1:1236': 0, 'enode://4@127.0.0.1:1237': 0, 'enode://5@127.0.0.1:1238': 0, 'enode://6@127.0.0.1:1239': 1, 'enode://7@127.0.0.1:1240': -11, 'enode://8@127.0.0.1:1241': 1, 'enode://9@127.0.0.1:1242': -10, 'enode://10@127.0.0.1:1243': 1, 'enode://11@127.0.0.1:1244': 0, 'enode://12@127.0.0.1:1245': 3, 'enode://13@127.0.0.1:1246': 0, 'enode://14@127.0.0.1:1247': -3, 'enode://15@127.0.0.1:1248': -2, 'enode://16@127.0.0.1:1249': -5, 'enode://17@127.0.0.1:1250': 0, 'enode://18@127.0.0.1:1251': -4, 'enode://19@127.0.0.1:1252': -1, 'enode://20@127.0.0.1:1253': 0, 'enode://21@127.0.0.1:1254': -7, 'enode://22@127.0.0.1:1255': -8, 'enode://23@127.0.0.1:1256': -9, 'enode://24@127.0.0.1:1257': -6, 'enode://25@127.0.0.1:1258': 0}
21 1786841657.826 14383 None {'21': 2609, '0': 0, '2': 482, '11': 392, '4': 868, '9': 322, '16': 1301, '6': 320, '13': 312, '12': 654, '22': 444, '8': 927, '23': 354, '17': 396, '19': 807, '10': 13, '7': 653, '3': 362, '25': 0, '5': 0, '24': 418, '14': 423, '15': 700, '1': 224, '20': 4, '18': 372} {'enode://1@127.0.0.1:1234': 0, 'enode://2@127.0.0.1:1235': -11, 'enode://3@127.0.0.1:1236': -12, 'enode://4@127.0.0.1:1237': 0, 'enode://5@127.0.0.1:1238': 3, 'enode://6@127.0.0.1:1239': 0, 'enode://7@127.0.0.1:1240': -10, 'enode://8@127.0.0.1:1241': 0, 'enode://9@127.0.0.1:1242': -9, 'enode://10@127.0.0.1:1243': 0, 'enode://11@127.0.0.1:1244': 4, 'enode://12@127.0.0.1:1245': 0, 'enode://13@127.0.0.1:1246': 0, 'enode://14@127.0.0.1:1247': -2, 'enode://15@127.0.0.1:1248': -1, 'enode://16@127.0.0.1:1249': -4, 'enode://17@127.0.0.1:1250': 0, 'enode://18@127.0.0.1:1251': -3, 'enode://19@127.0.0.1:1252': 0, 'enode://20@127.0.0.1:1253': 0, 'enode://21@127.0.0.1:1254': -6, 'enode://22@127.0.0.1:1255': -7, 'enode://23@127.0.0.1:1256': -8, 'enode://24@127.0.0.1:1257': -5, 'enode://25@127.0.0.1:1258': 0}
21 1786841657.826 14425 None {'21': 2609, '0': 0, '2': 482, '11': 392, '4': 868, '9': 322, '16': 1301, '6': 320, '13': 312, '12': 654, '22': 444, '8': 927, '23': 354, '17': 396, '19': 807, '10': 13, '7': 653, '3': 1324, '25': 0, '5': 0, '24': 418, '14': 423, '15': 700, '1': 224, '20': 4, '18': 372} {'enode://1@127.0.0.1:1234': 0, 'enode://2@127.0.0.1:1235': -10, 'enode://3@127.0.0.1:1236': -11, 'enode://4@127.0.0.1:1237': 0, 'enode://5@127.0.0.1:1238': 2, 'enode://6@127.0.0.1:1239': 0, 'enode://7@127.0.0.1:1240': -9, 'enode://8@127.0.0.1:1241': 0, 'enode://9@127.0.0.1:1242': -8, 'enode://10@127.0.0.1:1243': 0, 'enode://11@127.0.0.1:1244': -12, 'enode://12@127.0.0.1:1245': 0, 'enode://13@127.0.0.1:1246': 0, 'enode://14@127.0.0.1:1247': -1, 'enode://15@127.0.0.1:1248': 0, 'enode://16@127.0.0.1:1249': -3, 'enode://17@127.0.0.1:1250': 0, 'enode://18@127.0.0.1:1251': -2, 'enode://19@127.0.0.1:1252': 4, 'enode://20@127.0.0.1:1253': 0, 'enode://21@127.0.0.1:1254': -5, 'enode://22@127.0.0.1:1255': -6, 'enode://23@127.0.0.1:1256': -7, 'enode://24@127.0.0.1:1257': -4, 'enode://25@127.0.0.1:1258': 0}
21 1786841657.826 14432 None {'21': 2609, '0': 0, '2': 482, '11': 433, '4': 868, '9': 322, '16': 1301, '6': 320, '13': 312, '12': 654, '22': 444, '8': 927, '23': 354, '17': 396, '19': 807, '10': 13, '7': 653, '3': 1324, '25': 0, '5': 0, '24': 418, '14': 423, '15': 700, '1': 224, '20': 4, '18': 372} {'enode://1@127.0.0.1:1234': 0, 'enode://2@127.0.0.1:1235': -9, 'enode://3@127.0.0.1:1236': -10, 'enode://4@127.0.0.1:1237': 0, 'enode://5@127.0.0.1:1238': 2, 'enode://6@127.0.0.1:1239': 0, 'enode://7@127.0.0.1:1240': -8, 'enode://8@127.0.0.1:1241': 0, 'enode://9@127.0.0.1:1242': -7, 'enode://10@127.0.0.1:1243': 0, 'enode://11@127.0.0.1:1244': -11, 'enode://12@127.0.0.1:1245': 0, 'enode://13@127.0.0.1:1246': 0, 'enode://14@127.0.0.1:1247': 0, 'enode://15@127.0.0.1:1248': 0, 'enode://16@127.0.0.1:1249': -2, 'enode://17@127.0.0.1:1250': 0, 'enode://18@127.0.0.1:1251': -1, 'enode://19@127.0.0.1:1252': -12, 'enode://20@127.0.0.1:1253': 0, 'enode://21@127.0.0.1:1254': -4, 'enode://22@127.0.0.1:1255': -5, 'enode://23@127.0.0.1:1256': -6, 'enode://24@127.0.0.1:1257': -3, 'enode://25@127.0.0.1:1258': 0}
21 1786841657.826 14464 None {'21': 2609, '0': 0, '2': 482, '11': 433, '4': 868, '9': 322, '16': 1301, '6': 320, '13': 312, '12': 654, '22': 444, '8': 927, '23': 354, '17': 396, '19': 813, '10': 13, '7': 653, '3': 1324, '25': 0, '5': 0, '24': 418, '14': 423, '15': 700, '1': 224, '20': 4, '18': 372} {'enode://1@127.0.0.1:1234': 0, 'enode://2@127.0.0.1:1235': -8, 'enode://3@127.0.0.1:1236': -9, 'enode://4@127.0.0.1:1237': 0, 'enode://5@127.0.0.1:1238': -12, 'enode://6@127.0.0.1:1239': 0, 'enode://7@127.0.0.1:1240': -7, 'enode://8@127.0.0.1:1241': 0, 'enode://9@127.0.0.1:1242': -6, 'enode://10@127.0.0.1:1243': 0, 'enode://11@127.0.0.1:1244': -10, 'enode://12@127.0.0.1:1245': 0, 'enode://13@127.0.0.1:1246': 0, 'enode://14@127.0.0.1:1247': 0, 'enode://15@127.0.0.1:1248': 0, 'enode://16@127.0.0.1:1249': -1, 'enode://17@127.0.0.1:1250': 0, 'enode://18@127.0.0.1:1251': 0, 'enode://19@127.0.0.1:1252': -11, 'enode://20@127.0.0.1:1253': 0, 'enode://21@127.0.0.1:1254': -3, 'enode://22@127.0.0.1:1255': -4, 'enode://23@127.0.0.1:1256': -5, 'enode://24@127.0.0.1:1257': -2, 'enode://25@127.0.0.1:1258': 0}
21 1786841657.826 15180 None {'21': 2609, '0': 0, '2': 482, '11': 433, '4': 868, '9': 322, '16': 1301, '6': 320, '13': 312, '12': 654, '22': 444, '8': 927, '23': 354, '17': 396, '19': 813, '10': 13, '7': 653, '3': 1324, '25': 0, '5': 31, '24': 418, '14': 423, '15': 700, '1': 224, '20': 4, '18': 372} {'enode://1@127.0.0.1:1234': 1, 'enode://2@127.0.0.1:1235': -7, 'enode://3@127.0.0.1:1236': -8, 'enode://4@127.0.0.1:1237': 0, 'enode://5@127.0.0.1:1238': -11, 'enode://6@127.0.0.1:1239': 0, 'enode://7@127.0.0.1:1240': -6, 'enode://8@127.0.0.1:1241': 3, 'enode://9@127.0.0.1:1242': -5, 'enode://10@127.0.0.1:1243': 4, 'enode://11@127.0.0.1:1244': -9, 'enode://12@127.0.0.1:1245': 0, 'enode://13@127.0.0.1:1246': 0, 'enode://14@127.0.0.1:1247': 0, 'enode://15@127.0.0.1:1248': 3, 'enode://16@127.0.0.1:1249': 0, 'enode://17@127.0.0.1:1250': 0, 'enode://18@127.0.0.1:1251': 2, 'enode://19@127.0.0.1:1252': -10, 'enode://20@127.0.0.1:1253': 1, 'enode://21@127.0.0.1:1254': -2, 'enode://22@127.0.0.1:1255': -3, 'enode://23@127.0.0.1:1256': -4, 'enode://24@127.0.0.1:1257': -1, 'enode://25@127.0.0.1:1258': -12}
21 1786841657.827 15220 None {'21': 2609, '0': 0, '2': 482, '11': 433, '4': 868, '9': 322, '16': 1301, '6': 320, '13': 312, '12': 654, '22': 444, '8': 927, '23': 354, '17': 396, '19': 813, '10': 13, '7': 653, '3': 1324, '25': 715, '5': 31, '24': 418, '14': 423, '15': 700, '1': 224, '20': 4, '18': 372} {'enode://1@127.0.0.1:1234': 0, 'enode://2@127.0.0.1:1235': -6, 'enode://3@127.0.0.1:1236': -7, 'enode://4@127.0.0.1:1237': 0, 'enode://5@127.0.0.1:1238': -10, 'enode://6@127.0.0.1:1239': 0, 'enode://7@127.0.0.1:1240': -5, 'enode://8@127.0.0.1:1241': 0, 'enode://9@127.0.0.1:1242': -4, 'enode://10@127.0.0.1:1243': -12, 'enode://11@127.0.0.1:1244': -8, 'enode://12@127.0.0.1:1245': 0, 'enode://13@127.0.0.1:1246': 0, 'enode://14@127.0.0.1:1247': 0, 'enode://15@127.0.0.1:1248': 0, 'enode://16@127.0.0.1:1249': 0, 'enode://17@127.0.0.1:1250': 0, 'enode://18@127.0.0.1:1251': 0, 'enode://19@127.0.0.1:1252': -9, 'enode://20@127.0.0.1:1253': 0, 'enode://21@127.0.0.1:1254': -1, 'enode://22@127.0.0.1:1255': -2, 'enode://23@127.0.0.1:1256': -3, 'enode://24@127.0.0.1:1257': 0, 'enode://25@127.0.0.1:1258': -11}
21 1786841657.827 15648 None {'21': 2609, '0': 0, '2': 482, '11': 433, '4': 868, '9': 322, '16': 1301, '6': 320, '13': 312, '12': 654, '22': 444, '8': 927, '23': 354, '17': 396, '19': 813, '10': 52, '7': 653, '3': 1324, '25': 715, '5': 31, '24': 418, '14': 423, '15': 700, '1': 224, '20': 4, '18': 372} {'enode://1@127.0.0.1:1234': 3, 'enode://2@127.0.0.1:1235': -5, 'enode://3@127.0.0.1:1236': -6, 'enode://4@127.0.0.1:1237': 0, 'enode://5@127.0.0.1:1238': -9, 'enode://6@127.0.0.1:1239': 0, 'enode://7@127.0.0.1:1240': -4, 'enode://8@127.0.0.1:1241': 0, 'enode://9@127.0.0.1:1242': -3, 'enode://10@127.0.0.1:1243': -11, 'enode://11@127.0.0.1:1244': -7, 'enode://12@127.0.0.1:1245': 0, 'enode://13@127.0.0.1:1246': 0, 'enode://14@127.0.0.1:1247': 0, 'enode://15@127.0.0.1:1248': 3, 'enode://16@127.0.0.1:1249': 0, 'enode://17@127.0.0.1:1250': 0, 'enode://18@127.0.0.1:1251': -12, 'enode://19@127.0.0.1:1252': -8, 'enode://20@127.0.0.1:1253': 4, 'enode://21@127.0.0.1:1254': 0, 'enode://22@127.0.0.1:1255': -1, 'enode://23@127.0.0.1:1256': -2, 'enode://24@127.0.0.1:1257': 0, 'enode://25@127.0.0.1:1258': -10}
21 1786841657.827 15651 None {'21': 2609, '0': 0, '2': 482, '11': 433, '4': 868, '9': 322, '16': 1301, '6': 320, '13': 312, '12': 654, '22': 444, '8': 927, '23': 354, '17': 396, '19': 813, '10': 52, '7': 653, '3': 1324, '25': 715, '5': 31, '24': 418, '14': 423, '15': 700, '1': 224, '20': 4, '18': 799} {'enode://1@127.0.0.1:1234': 0, 'enode://2@127.0.0.1:1235': -4, 'enode://3@127.0.0.1:1236': -5, 'enode://4@127.0.0.1:1237': 0, 'enode://5@127.0.0.1:1238': -8, 'enode://6@127.0.0.1:1239': 0, 'enode://7@127.0.0.1:1240': -3, 'enode://8@127.0.0.1:1241': 0, 'enode://9@127.0.0.1:1242': -2, 'enode://10@127.0.0.1:1243': -10, 'enode://11@127.0.0.1:1244': -6, 'enode://12@127.0.0.1:1245': 0, 'enode://13@127.0.0.1:1246': 0, 'enode://14@127.0.0.1:1247': 0, 'enode://15@127.0.0.1:1248': 0, 'enode://16@127.0.0.1:1249': 0, 'enode://17@127.0.0.1:1250': 0, 'enode://18@127.0.0.1:1251': -11, 'enode://19@127.0.0.1:1252': -7, 'enode://20@127.0.0.1:1253': -12, 'enode://21@127.0.0.1:1254': 0, 'enode://22@127.0.0.1:1255': 0, 'enode://23@127.0.0.1:1256': -1, 'enode://24@127.0.0.1:1257': 0, 'enode://25@127.0.0.1:1258': -9}
21 1786841657.827 16127 None {'21': 2609, '0': 0, '2': 482, '11': 433, '4': 868, '9': 322, '16': 1301, '6': 320, '13': 312, '12': 654, '22': 444, '8': 927, '23': 354, '17': 396, '19': 813, '10': 52, '7': 653, '3': 1324, '25': 715, '5': 31, '24': 418, '14': 423, '15': 700, '1': 224, '20': 6, '18': 799} {'enode://1@127.0.0.1:1234': 0, 'enode://2@127.0.0.1:1235': -3, 'enode://3@127.0.0.1:1236': -4, 'enode://4@127.0.0.1:1237': 0, 'enode://5@127.0.0.1:1238': -7, 'enode://6@127.0.0.1:1239': 0, 'enode://7@127.0.0.1:1240': -2, 'enode://8@127.0.0.1:1241': 0, 'enode://9@127.0.0.1:1242': -1, 'enode://10@127.0.0.1:1243': -9, 'enode://11@127.0.0.1:1244': -5, 'enode://12@127.0.0.1:1245': 0, 'enode://13@127.0.0.1:1246': 0, 'enode://14@127.0.0.1:1247': 0, 'enode://15@127.0.0.1:1248': 0, 'enode://16@127.0.0.1:1249': 0, 'enode://17@127.0.0.1:1250': 0, 'enode://18@127.0.0.1:1251': -10, 'enode://19@127.0.0.1:1252': -6, 'enode://20@127.0.0.1:1253': -11, 'enode://21@127.0.0.1:1254': -12, 'enode://22@127.0.0.1:1255': 2, 'enode://23@127.0.0.1:1256': 0, 'enode://24@127.0.0.1:1257': 0, 'enode://25@127.0.0.1:1258': -8}
21 1786841657.827 16695 None {'21': 3084, '0': 0, '2': 482, '11': 433, '4': 868, '9': 322, '16': 1301, '6': 320, '13': 312, '12': 654, '22': 444, '8': 927, '23': 354, '17': 396, '19': 813, '10': 52, '7': 653, '3': 1324, '25': 715, '5': 31, '24': 418, '14': 423, '15': 700, '1': 224, '20': 6, '18': 799} {'enode://1@127.0.0.1:1234': 0, 'enode://2@127.0.0.1:1235': -2, 'enode://3@127.0.0.1:1236': -3, 'enode://4@127.0.0.1:1237': 0, 'enode://5@127.0.0.1:1238': -6, 'enode://6@127.0.0.1:1239': 0, 'enode://7@127.0.0.1:1240': -1, 'enode://8@127.0.0.1:1241': 0, 'enode://9@127.0.0.1:1242': 0, 'enode://10@127.0.0.1:1243': -8, 'enode://11@127.0.0.1:1244': -4, 'enode://12@127.0.0.1:1245': 0, 'enode://13@127.0.0.1:1246': 0, 'enode://14@127.0.0.1:1247': 0, 'enode://15@127.0.0.1:1248': 0, 'enode://16@127.0.0.1:1249': 0, 'enode://17@127.0.0.1:1250': 0, 'enode://18@127.0.0.1:1251': -9, 'enode://19@127.0.0.1:1252': -5, 'enode://20@127.0.0.1:1253': -10, 'enode://21@127.0.0.1:1254': -11, 'enode://22@127.0.0.1:1255': 0, 'enode://23@127.0.0.1:1256': -12, 'enode://24@127.0.0.1:1257': 0, 'enode://25@127.0.0.1:1258': -7}
