ID TIME n private balances connectivity
13 1786637480.298 0 {} {} {'enode://1@127.0.0.1:1234': 0, 'enode://2@127.0.0.1:1235': 0, 'enode://3@127.0.0.1:1236': 0, 'enode://4@127.0.0.1:1237': 0, 'enode://5@127.0.0.1:1238': 0, 'enode://6@127.0.0.1:1239': 0, 'enode://7@127.0.0.1:1240': 0, 'enode://8@127.0.0.1:1241': 0, 'enode://9@127.0.0.1:1242': 0, 'enode://10@127.0.0.1:1243': 0, 'enode://11@127.0.0.1:1244': 0, 'enode://12@127.0.0.1:1245': 0, 'enode://13@127.0.0.1:1246': 0, 'enode://14@127.0.0.1:1247': 0, 'enode://15@127.0.0.1:1248': 0, 'enode://16@127.0.0.1:1249': 0, 'enode://17@127.0.0.1:1250': 0, 'enode://18@127.0.0.1:1251': 0, 'enode://19@127.0.0.1:1252': 0, 'enode://20@127.0.0.1:1253': 0, 'enode://21@127.0.0.1:1254': 0, 'enode://22@127.0.0.1:1255': 0, 'enode://23@127.0.0.1:1256': 0, 'enode://24@127.0.0.1:1257': 0, 'enode://25@127.0.0.1:1258': 0}
13 1786637480.298 1 None {'21': 0, '0': 0} {'enode://1@127.0.0.1:1234': 0, 'enode://2@127.0.0.1:1235': 0, 'enode://3@127.0.0.1:1236': 0, 'enode://4@127.0.0.1:1237': 0, 'enode://5@127.0.0.1:1238': 0, 'enode://6@127.0.0.1:1239': 0, 'enode://7@127.0.0.1:1240': 0, 'enode://8@127.0.0.1:1241': 0, 'enode://9@127.0.0.1:1242': 0, 'enode://10@127.0.0.1:1243': 0, 'enode://11@127.0.0.1:1244': 0, 'enode://12@127.0.0.1:1245': 0, 'enode://13@127.0.0.1:1246': 0, 'enode://14@127.0.0.1:1247': 0, 'enode://15@127.0.0.1:1248': 0, 'enode://16@127.0.0.1:1249': 0, 'enode://17@127.0.0.1:1250': 0, 'enode://18@127.0.0.1:1251': 0, 'enode://19@127.0.0.1:1252': 0, 'enode://20@127.0.0.1:1253': 0, 'enode://21@127.0.0.1:1254': -12, 'enode://22@127.0.0.1:1255': 0, 'enode://23@127.0.0.1:1256': 0, 'enode://24@127.0.0.1:1257': 0, 'enode://25@127.0.0.1:1258': 0}
13 1786637480.298 500 None {'21': 1, '0': 0, '4': 0, '1': 0, '25': 0, '17': 0, '3': 0, '19': 0, '23': 0, '24': 0, '7': 0, '13': 0, '5': 0, '16': 0, '6': 0, '2': 0, '20': 0, '11': 0, '10': 0, '12': 0, '9': 0, '8': 0, '22': 0, '15': 0, '18': 0, '14': 0} {'enode://1@127.0.0.1:1234': 13, 'enode://2@127.0.0.1:1235': 8, 'enode://3@127.0.0.1:1236': 10, 'enode://4@127.0.0.1:1237': -12, 'enode://5@127.0.0.1:1238': 4, 'enode://6@127.0.0.1:1239': 8, 'enode://7@127.0.0.1:1240': 6, 'enode://8@127.0.0.1:1241': 9, 'enode://9@127.0.0.1:1242': 7, 'enode://10@127.0.0.1:1243': 5, 'enode://11@127.0.0.1:1244': 5, 'enode://12@127.0.0.1:1245': 2, 'enode://13@127.0.0.1:1246': 9, 'enode://14@127.0.0.1:1247': 2, 'enode://15@127.0.0.1:1248': 9, 'enode://16@127.0.0.1:1249': 8, 'enode://17@127.0.0.1:1250': 9, 'enode://18@127.0.0.1:1251': 2, 'enode://19@127.0.0.1:1252': 10, 'enode://20@127.0.0.1:1253': 5, 'enode://21@127.0.0.1:1254': -11, 'enode://22@127.0.0.1:1255': 5, 'enode://23@127.0.0.1:1256': 12, 'enode://24@127.0.0.1:1257': 8, 'enode://25@127.0.0.1:1258': 10}
13 1786637480.298 686 None {'21': 1, '0': 0, '4': 498, '1': 0, '25': 0, '17': 0, '3': 0, '19': 0, '23': 0, '24': 0, '7': 0, '13': 0, '5': 0, '16': 0, '6': 0, '2': 0, '20': 0, '11': 0, '10': 0, '12': 0, '9': 0, '8': 0, '22': 0, '15': 0, '18': 0, '14': 0} {'enode://1@127.0.0.1:1234': -12, 'enode://2@127.0.0.1:1235': 8, 'enode://3@127.0.0.1:1236': 10, 'enode://4@127.0.0.1:1237': -11, 'enode://5@127.0.0.1:1238': 8, 'enode://6@127.0.0.1:1239': 8, 'enode://7@127.0.0.1:1240': 6, 'enode://8@127.0.0.1:1241': 9, 'enode://9@127.0.0.1:1242': 8, 'enode://10@127.0.0.1:1243': 5, 'enode://11@127.0.0.1:1244': 6, 'enode://12@127.0.0.1:1245': 2, 'enode://13@127.0.0.1:1246': 10, 'enode://14@127.0.0.1:1247': 2, 'enode://15@127.0.0.1:1248': 10, 'enode://16@127.0.0.1:1249': 8, 'enode://17@127.0.0.1:1250': 9, 'enode://18@127.0.0.1:1251': 5, 'enode://19@127.0.0.1:1252': 10, 'enode://20@127.0.0.1:1253': 6, 'enode://21@127.0.0.1:1254': -10, 'enode://22@127.0.0.1:1255': 7, 'enode://23@127.0.0.1:1256': 13, 'enode://24@127.0.0.1:1257': 8, 'enode://25@127.0.0.1:1258': 11}
13 1786637480.298 850 None {'21': 1, '0': 0, '4': 498, '1': 185, '25': 0, '17': 0, '3': 0, '19': 0, '23': 0, '24': 0, '7': 0, '13': 0, '5': 0, '16': 0, '6': 0, '2': 0, '20': 0, '11': 0, '10': 0, '12': 0, '9': 0, '8': 0, '22': 0, '15': 0, '18': 0, '14': 0} {'enode://1@127.0.0.1:1234': -11, 'enode://2@127.0.0.1:1235': 8, 'enode://3@127.0.0.1:1236': 11, 'enode://4@127.0.0.1:1237': -10, 'enode://5@127.0.0.1:1238': 8, 'enode://6@127.0.0.1:1239': 9, 'enode://7@127.0.0.1:1240': 7, 'enode://8@127.0.0.1:1241': 7, 'enode://9@127.0.0.1:1242': 8, 'enode://10@127.0.0.1:1243': 6, 'enode://11@127.0.0.1:1244': 5, 'enode://12@127.0.0.1:1245': 2, 'enode://13@127.0.0.1:1246': 10, 'enode://14@127.0.0.1:1247': 2, 'enode://15@127.0.0.1:1248': 10, 'enode://16@127.0.0.1:1249': 8, 'enode://17@127.0.0.1:1250': 11, 'enode://18@127.0.0.1:1251': 7, 'enode://19@127.0.0.1:1252': 10, 'enode://20@127.0.0.1:1253': 6, 'enode://21@127.0.0.1:1254': -9, 'enode://22@127.0.0.1:1255': 7, 'enode://23@127.0.0.1:1256': -12, 'enode://24@127.0.0.1:1257': 8, 'enode://25@127.0.0.1:1258': 12}
13 1786637480.298 1067 None {'21': 1, '0': 0, '4': 498, '1': 185, '25': 0, '17': 0, '3': 0, '19': 0, '23': 163, '24': 0, '7': 0, '13': 0, '5': 0, '16': 0, '6': 0, '2': 0, '20': 0, '11': 0, '10': 0, '12': 0, '9': 0, '8': 0, '22': 0, '15': 0, '18': 0, '14': 0} {'enode://1@127.0.0.1:1234': -10, 'enode://2@127.0.0.1:1235': 10, 'enode://3@127.0.0.1:1236': 12, 'enode://4@127.0.0.1:1237': -9, 'enode://5@127.0.0.1:1238': 8, 'enode://6@127.0.0.1:1239': 8, 'enode://7@127.0.0.1:1240': 6, 'enode://8@127.0.0.1:1241': 7, 'enode://9@127.0.0.1:1242': 8, 'enode://10@127.0.0.1:1243': 5, 'enode://11@127.0.0.1:1244': 4, 'enode://12@127.0.0.1:1245': 0, 'enode://13@127.0.0.1:1246': 12, 'enode://14@127.0.0.1:1247': 2, 'enode://15@127.0.0.1:1248': 10, 'enode://16@127.0.0.1:1249': 8, 'enode://17@127.0.0.1:1250': 11, 'enode://18@127.0.0.1:1251': 7, 'enode://19@127.0.0.1:1252': 7, 'enode://20@127.0.0.1:1253': 5, 'enode://21@127.0.0.1:1254': -8, 'enode://22@127.0.0.1:1255': 7, 'enode://23@127.0.0.1:1256': -11, 'enode://24@127.0.0.1:1257': 11, 'enode://25@127.0.0.1:1258': -12}
13 1786637480.298 1257 None {'21': 1, '0': 0, '4': 498, '1': 185, '25': 216, '17': 0, '3': 0, '19': 0, '23': 163, '24': 0, '7': 0, '13': 0, '5': 0, '16': 0, '6': 0, '2': 0, '20': 0, '11': 0, '10': 0, '12': 0, '9': 0, '8': 0, '22': 0, '15': 0, '18': 0, '14': 0} {'enode://1@127.0.0.1:1234': -9, 'enode://2@127.0.0.1:1235': 10, 'enode://3@127.0.0.1:1236': 11, 'enode://4@127.0.0.1:1237': -8, 'enode://5@127.0.0.1:1238': 10, 'enode://6@127.0.0.1:1239': 8, 'enode://7@127.0.0.1:1240': 7, 'enode://8@127.0.0.1:1241': 6, 'enode://9@127.0.0.1:1242': 9, 'enode://10@127.0.0.1:1243': 5, 'enode://11@127.0.0.1:1244': 4, 'enode://12@127.0.0.1:1245': 0, 'enode://13@127.0.0.1:1246': -12, 'enode://14@127.0.0.1:1247': 2, 'enode://15@127.0.0.1:1248': 9, 'enode://16@127.0.0.1:1249': 8, 'enode://17@127.0.0.1:1250': 11, 'enode://18@127.0.0.1:1251': 7, 'enode://19@127.0.0.1:1252': 6, 'enode://20@127.0.0.1:1253': 5, 'enode://21@127.0.0.1:1254': -7, 'enode://22@127.0.0.1:1255': 6, 'enode://23@127.0.0.1:1256': -10, 'enode://24@127.0.0.1:1257': 9, 'enode://25@127.0.0.1:1258': -11}
13 1786637480.298 1349 None {'21': 1, '0': 0, '4': 498, '1': 185, '25': 216, '17': 0, '3': 0, '19': 0, '23': 163, '24': 0, '7': 0, '13': 189, '5': 0, '16': 0, '6': 0, '2': 0, '20': 0, '11': 0, '10': 0, '12': 0, '9': 0, '8': 0, '22': 0, '15': 0, '18': 0, '14': 0} {'enode://1@127.0.0.1:1234': -8, 'enode://2@127.0.0.1:1235': 8, 'enode://3@127.0.0.1:1236': -12, 'enode://4@127.0.0.1:1237': -7, 'enode://5@127.0.0.1:1238': 8, 'enode://6@127.0.0.1:1239': 8, 'enode://7@127.0.0.1:1240': 8, 'enode://8@127.0.0.1:1241': 4, 'enode://9@127.0.0.1:1242': 9, 'enode://10@127.0.0.1:1243': 5, 'enode://11@127.0.0.1:1244': 0, 'enode://12@127.0.0.1:1245': 0, 'enode://13@127.0.0.1:1246': -11, 'enode://14@127.0.0.1:1247': 0, 'enode://15@127.0.0.1:1248': 6, 'enode://16@127.0.0.1:1249': 8, 'enode://17@127.0.0.1:1250': 11, 'enode://18@127.0.0.1:1251': 5, 'enode://19@127.0.0.1:1252': 6, 'enode://20@127.0.0.1:1253': 0, 'enode://21@127.0.0.1:1254': -6, 'enode://22@127.0.0.1:1255': 5, 'enode://23@127.0.0.1:1256': -9, 'enode://24@127.0.0.1:1257': 9, 'enode://25@127.0.0.1:1258': -10}
13 1786637480.298 1463 None {'21': 1, '0': 0, '4': 498, '1': 185, '25': 216, '17': 0, '3': 91, '19': 0, '23': 163, '24': 0, '7': 0, '13': 189, '5': 0, '16': 0, '6': 0, '2': 0, '20': 0, '11': 0, '10': 0, '12': 0, '9': 0, '8': 0, '22': 0, '15': 0, '18': 0, '14': 0} {'enode://1@127.0.0.1:1234': -7, 'enode://2@127.0.0.1:1235': 7, 'enode://3@127.0.0.1:1236': -11, 'enode://4@127.0.0.1:1237': -6, 'enode://5@127.0.0.1:1238': 8, 'enode://6@127.0.0.1:1239': 8, 'enode://7@127.0.0.1:1240': 7, 'enode://8@127.0.0.1:1241': 3, 'enode://9@127.0.0.1:1242': 6, 'enode://10@127.0.0.1:1243': 4, 'enode://11@127.0.0.1:1244': 0, 'enode://12@127.0.0.1:1245': 1, 'enode://13@127.0.0.1:1246': -10, 'enode://14@127.0.0.1:1247': 0, 'enode://15@127.0.0.1:1248': 5, 'enode://16@127.0.0.1:1249': 8, 'enode://17@127.0.0.1:1250': -12, 'enode://18@127.0.0.1:1251': 2, 'enode://19@127.0.0.1:1252': 1, 'enode://20@127.0.0.1:1253': 0, 'enode://21@127.0.0.1:1254': -5, 'enode://22@127.0.0.1:1255': 4, 'enode://23@127.0.0.1:1256': -8, 'enode://24@127.0.0.1:1257': 8, 'enode://25@127.0.0.1:1258': -9}
13 1786637480.298 1618 None {'21': 1, '0': 0, '4': 498, '1': 185, '25': 216, '17': 113, '3': 91, '19': 0, '23': 163, '24': 0, '7': 0, '13': 189, '5': 0, '16': 0, '6': 0, '2': 0, '20': 0, '11': 0, '10': 0, '12': 0, '9': 0, '8': 0, '22': 0, '15': 0, '18': 0, '14': 0} {'enode://1@127.0.0.1:1234': -6, 'enode://2@127.0.0.1:1235': 6, 'enode://3@127.0.0.1:1236': -10, 'enode://4@127.0.0.1:1237': -5, 'enode://5@127.0.0.1:1238': 9, 'enode://6@127.0.0.1:1239': 7, 'enode://7@127.0.0.1:1240': 6, 'enode://8@127.0.0.1:1241': 2, 'enode://9@127.0.0.1:1242': 5, 'enode://10@127.0.0.1:1243': 4, 'enode://11@127.0.0.1:1244': 0, 'enode://12@127.0.0.1:1245': 1, 'enode://13@127.0.0.1:1246': -9, 'enode://14@127.0.0.1:1247': 0, 'enode://15@127.0.0.1:1248': 6, 'enode://16@127.0.0.1:1249': 7, 'enode://17@127.0.0.1:1250': -11, 'enode://18@127.0.0.1:1251': 1, 'enode://19@127.0.0.1:1252': 0, 'enode://20@127.0.0.1:1253': 0, 'enode://21@127.0.0.1:1254': -4, 'enode://22@127.0.0.1:1255': 4, 'enode://23@127.0.0.1:1256': -7, 'enode://24@127.0.0.1:1257': -12, 'enode://25@127.0.0.1:1258': -8}
13 1786637480.298 1810 None {'21': 1, '0': 0, '4': 498, '1': 185, '25': 216, '17': 113, '3': 91, '19': 0, '23': 163, '24': 154, '7': 0, '13': 189, '5': 0, '16': 0, '6': 0, '2': 0, '20': 0, '11': 0, '10': 0, '12': 0, '9': 0, '8': 0, '22': 0, '15': 0, '18': 0, '14': 0} {'enode://1@127.0.0.1:1234': -5, 'enode://2@127.0.0.1:1235': 7, 'enode://3@127.0.0.1:1236': -9, 'enode://4@127.0.0.1:1237': -4, 'enode://5@127.0.0.1:1238': -12, 'enode://6@127.0.0.1:1239': 7, 'enode://7@127.0.0.1:1240': 5, 'enode://8@127.0.0.1:1241': 2, 'enode://9@127.0.0.1:1242': 5, 'enode://10@127.0.0.1:1243': 4, 'enode://11@127.0.0.1:1244': 0, 'enode://12@127.0.0.1:1245': 3, 'enode://13@127.0.0.1:1246': -8, 'enode://14@127.0.0.1:1247': 0, 'enode://15@127.0.0.1:1248': 6, 'enode://16@127.0.0.1:1249': 6, 'enode://17@127.0.0.1:1250': -10, 'enode://18@127.0.0.1:1251': 1, 'enode://19@127.0.0.1:1252': 0, 'enode://20@127.0.0.1:1253': 0, 'enode://21@127.0.0.1:1254': -3, 'enode://22@127.0.0.1:1255': 5, 'enode://23@127.0.0.1:1256': -6, 'enode://24@127.0.0.1:1257': -11, 'enode://25@127.0.0.1:1258': -7}
13 1786637480.299 1926 None {'21': 1, '0': 0, '4': 498, '1': 185, '25': 216, '17': 113, '3': 91, '19': 0, '23': 163, '24': 154, '7': 0, '13': 189, '5': 191, '16': 0, '6': 0, '2': 0, '20': 0, '11': 0, '10': 0, '12': 0, '9': 0, '8': 0, '22': 0, '15': 0, '18': 0, '14': 0} {'enode://1@127.0.0.1:1234': -4, 'enode://2@127.0.0.1:1235': -12, 'enode://3@127.0.0.1:1236': -8, 'enode://4@127.0.0.1:1237': -3, 'enode://5@127.0.0.1:1238': -11, 'enode://6@127.0.0.1:1239': 8, 'enode://7@127.0.0.1:1240': 4, 'enode://8@127.0.0.1:1241': 3, 'enode://9@127.0.0.1:1242': 0, 'enode://10@127.0.0.1:1243': 2, 'enode://11@127.0.0.1:1244': 0, 'enode://12@127.0.0.1:1245': 3, 'enode://13@127.0.0.1:1246': -7, 'enode://14@127.0.0.1:1247': 0, 'enode://15@127.0.0.1:1248': 4, 'enode://16@127.0.0.1:1249': 4, 'enode://17@127.0.0.1:1250': -9, 'enode://18@127.0.0.1:1251': 0, 'enode://19@127.0.0.1:1252': 0, 'enode://20@127.0.0.1:1253': 0, 'enode://21@127.0.0.1:1254': -2, 'enode://22@127.0.0.1:1255': 6, 'enode://23@127.0.0.1:1256': -5, 'enode://24@127.0.0.1:1257': -10, 'enode://25@127.0.0.1:1258': -6}
13 1786637480.299 1947 None {'21': 1, '0': 0, '4': 498, '1': 185, '25': 216, '17': 113, '3': 91, '19': 0, '23': 163, '24': 154, '7': 0, '13': 189, '5': 191, '16': 0, '6': 0, '2': 115, '20': 0, '11': 0, '10': 0, '12': 0, '9': 0, '8': 0, '22': 0, '15': 0, '18': 0, '14': 0} {'enode://1@127.0.0.1:1234': -3, 'enode://2@127.0.0.1:1235': -11, 'enode://3@127.0.0.1:1236': -7, 'enode://4@127.0.0.1:1237': -2, 'enode://5@127.0.0.1:1238': -10, 'enode://6@127.0.0.1:1239': -12, 'enode://7@127.0.0.1:1240': 0, 'enode://8@127.0.0.1:1241': 3, 'enode://9@127.0.0.1:1242': 0, 'enode://10@127.0.0.1:1243': 0, 'enode://11@127.0.0.1:1244': 0, 'enode://12@127.0.0.1:1245': 2, 'enode://13@127.0.0.1:1246': -6, 'enode://14@127.0.0.1:1247': 0, 'enode://15@127.0.0.1:1248': 4, 'enode://16@127.0.0.1:1249': 2, 'enode://17@127.0.0.1:1250': -8, 'enode://18@127.0.0.1:1251': 0, 'enode://19@127.0.0.1:1252': 0, 'enode://20@127.0.0.1:1253': 0, 'enode://21@127.0.0.1:1254': -1, 'enode://22@127.0.0.1:1255': 5, 'enode://23@127.0.0.1:1256': -4, 'enode://24@127.0.0.1:1257': -9, 'enode://25@127.0.0.1:1258': -5}
13 1786637480.299 2233 None {'21': 1, '0': 0, '4': 498, '1': 185, '25': 216, '17': 113, '3': 91, '19': 0, '23': 163, '24': 154, '7': 0, '13': 189, '5': 191, '16': 0, '6': 20, '2': 115, '20': 0, '11': 0, '10': 0, '12': 0, '9': 0, '8': 0, '22': 0, '15': 0, '18': 0, '14': 0} {'enode://1@127.0.0.1:1234': -2, 'enode://2@127.0.0.1:1235': -10, 'enode://3@127.0.0.1:1236': -6, 'enode://4@127.0.0.1:1237': -1, 'enode://5@127.0.0.1:1238': -9, 'enode://6@127.0.0.1:1239': -11, 'enode://7@127.0.0.1:1240': 0, 'enode://8@127.0.0.1:1241': 3, 'enode://9@127.0.0.1:1242': 0, 'enode://10@127.0.0.1:1243': 3, 'enode://11@127.0.0.1:1244': 2, 'enode://12@127.0.0.1:1245': -12, 'enode://13@127.0.0.1:1246': -5, 'enode://14@127.0.0.1:1247': 1, 'enode://15@127.0.0.1:1248': 4, 'enode://16@127.0.0.1:1249': 5, 'enode://17@127.0.0.1:1250': -7, 'enode://18@127.0.0.1:1251': 0, 'enode://19@127.0.0.1:1252': 0, 'enode://20@127.0.0.1:1253': 2, 'enode://21@127.0.0.1:1254': 0, 'enode://22@127.0.0.1:1255': 4, 'enode://23@127.0.0.1:1256': -3, 'enode://24@127.0.0.1:1257': -8, 'enode://25@127.0.0.1:1258': -4}
13 1786637480.299 2267 None {'21': 1, '0': 0, '4': 498, '1': 185, '25': 216, '17': 113, '3': 91, '19': 0, '23': 163, '24': 154, '7': 0, '13': 189, '5': 191, '16': 0, '6': 20, '2': 115, '20': 0, '11': 0, '10': 0, '12': 285, '9': 0, '8': 0, '22': 0, '15': 0, '18': 0, '14': 0} {'enode://1@127.0.0.1:1234': -1, 'enode://2@127.0.0.1:1235': -9, 'enode://3@127.0.0.1:1236': -5, 'enode://4@127.0.0.1:1237': 0, 'enode://5@127.0.0.1:1238': -8, 'enode://6@127.0.0.1:1239': -10, 'enode://7@127.0.0.1:1240': 0, 'enode://8@127.0.0.1:1241': 0, 'enode://9@127.0.0.1:1242': 0, 'enode://10@127.0.0.1:1243': 3, 'enode://11@127.0.0.1:1244': 1, 'enode://12@127.0.0.1:1245': -11, 'enode://13@127.0.0.1:1246': -4, 'enode://14@127.0.0.1:1247': 0, 'enode://15@127.0.0.1:1248': 0, 'enode://16@127.0.0.1:1249': -12, 'enode://17@127.0.0.1:1250': -6, 'enode://18@127.0.0.1:1251': 0, 'enode://19@127.0.0.1:1252': 0, 'enode://20@127.0.0.1:1253': 0, 'enode://21@127.0.0.1:1254': 3, 'enode://22@127.0.0.1:1255': 0, 'enode://23@127.0.0.1:1256': -2, 'enode://24@127.0.0.1:1257': -7, 'enode://25@127.0.0.1:1258': -3}
13 1786637480.299 2277 None {'21': 1, '0': 0, '4': 498, '1': 185, '25': 216, '17': 113, '3': 91, '19': 0, '23': 163, '24': 154, '7': 0, '13': 189, '5': 191, '16': 33, '6': 20, '2': 115, '20': 0, '11': 0, '10': 0, '12': 285, '9': 0, '8': 0, '22': 0, '15': 0, '18': 0, '14': 0} {'enode://1@127.0.0.1:1234': 0, 'enode://2@127.0.0.1:1235': -8, 'enode://3@127.0.0.1:1236': -4, 'enode://4@127.0.0.1:1237': 0, 'enode://5@127.0.0.1:1238': -7, 'enode://6@127.0.0.1:1239': -9, 'enode://7@127.0.0.1:1240': 0, 'enode://8@127.0.0.1:1241': 0, 'enode://9@127.0.0.1:1242': 0, 'enode://10@127.0.0.1:1243': 2, 'enode://11@127.0.0.1:1244': 2, 'enode://12@127.0.0.1:1245': -10, 'enode://13@127.0.0.1:1246': -3, 'enode://14@127.0.0.1:1247': 0, 'enode://15@127.0.0.1:1248': 0, 'enode://16@127.0.0.1:1249': -11, 'enode://17@127.0.0.1:1250': -5, 'enode://18@127.0.0.1:1251': 0, 'enode://19@127.0.0.1:1252': 0, 'enode://20@127.0.0.1:1253': 0, 'enode://21@127.0.0.1:1254': -12, 'enode://22@127.0.0.1:1255': 0, 'enode://23@127.0.0.1:1256': -1, 'enode://24@127.0.0.1:1257': -6, 'enode://25@127.0.0.1:1258': -2}
13 1786637480.299 2312 None {'21': 10, '0': 0, '4': 498, '1': 185, '25': 216, '17': 113, '3': 91, '19': 0, '23': 163, '24': 154, '7': 0, '13': 189, '5': 191, '16': 33, '6': 20, '2': 115, '20': 0, '11': 0, '10': 0, '12': 285, '9': 0, '8': 0, '22': 0, '15': 0, '18': 0, '14': 0} {'enode://1@127.0.0.1:1234': 0, 'enode://2@127.0.0.1:1235': -7, 'enode://3@127.0.0.1:1236': -3, 'enode://4@127.0.0.1:1237': 0, 'enode://5@127.0.0.1:1238': -6, 'enode://6@127.0.0.1:1239': -8, 'enode://7@127.0.0.1:1240': 0, 'enode://8@127.0.0.1:1241': 0, 'enode://9@127.0.0.1:1242': 0, 'enode://10@127.0.0.1:1243': -12, 'enode://11@127.0.0.1:1244': 4, 'enode://12@127.0.0.1:1245': -9, 'enode://13@127.0.0.1:1246': -2, 'enode://14@127.0.0.1:1247': 0, 'enode://15@127.0.0.1:1248': 0, 'enode://16@127.0.0.1:1249': -10, 'enode://17@127.0.0.1:1250': -4, 'enode://18@127.0.0.1:1251': 0, 'enode://19@127.0.0.1:1252': 0, 'enode://20@127.0.0.1:1253': 0, 'enode://21@127.0.0.1:1254': -11, 'enode://22@127.0.0.1:1255': 0, 'enode://23@127.0.0.1:1256': 0, 'enode://24@127.0.0.1:1257': -5, 'enode://25@127.0.0.1:1258': -1}
13 1786637480.299 2316 None {'21': 10, '0': 0, '4': 498, '1': 185, '25': 216, '17': 113, '3': 91, '19': 0, '23': 163, '24': 154, '7': 0, '13': 189, '5': 191, '16': 33, '6': 20, '2': 115, '20': 0, '11': 0, '10': 34, '12': 285, '9': 0, '8': 0, '22': 0, '15': 0, '18': 0, '14': 0} {'enode://1@127.0.0.1:1234': 0, 'enode://2@127.0.0.1:1235': -6, 'enode://3@127.0.0.1:1236': -2, 'enode://4@127.0.0.1:1237': 0, 'enode://5@127.0.0.1:1238': -5, 'enode://6@127.0.0.1:1239': -7, 'enode://7@127.0.0.1:1240': 0, 'enode://8@127.0.0.1:1241': 0, 'enode://9@127.0.0.1:1242': 0, 'enode://10@127.0.0.1:1243': -11, 'enode://11@127.0.0.1:1244': -12, 'enode://12@127.0.0.1:1245': -8, 'enode://13@127.0.0.1:1246': -1, 'enode://14@127.0.0.1:1247': 0, 'enode://15@127.0.0.1:1248': 0, 'enode://16@127.0.0.1:1249': -9, 'enode://17@127.0.0.1:1250': -3, 'enode://18@127.0.0.1:1251': 0, 'enode://19@127.0.0.1:1252': 0, 'enode://20@127.0.0.1:1253': 0, 'enode://21@127.0.0.1:1254': -10, 'enode://22@127.0.0.1:1255': 0, 'enode://23@127.0.0.1:1256': 0, 'enode://24@127.0.0.1:1257': -4, 'enode://25@127.0.0.1:1258': 0}
13 1786637480.299 3767 None {'21': 10, '0': 0, '4': 498, '1': 185, '25': 216, '17': 113, '3': 91, '19': 0, '23': 163, '24': 154, '7': 0, '13': 189, '5': 191, '16': 33, '6': 20, '2': 115, '20': 0, '11': 3, '10': 34, '12': 285, '9': 0, '8': 0, '22': 0, '15': 0, '18': 0, '14': 0} {'enode://1@127.0.0.1:1234': 2, 'enode://2@127.0.0.1:1235': -5, 'enode://3@127.0.0.1:1236': -1, 'enode://4@127.0.0.1:1237': 8, 'enode://5@127.0.0.1:1238': -4, 'enode://6@127.0.0.1:1239': -6, 'enode://7@127.0.0.1:1240': 7, 'enode://8@127.0.0.1:1241': 1, 'enode://9@127.0.0.1:1242': -12, 'enode://10@127.0.0.1:1243': -10, 'enode://11@127.0.0.1:1244': -11, 'enode://12@127.0.0.1:1245': -7, 'enode://13@127.0.0.1:1246': 0, 'enode://14@127.0.0.1:1247': 4, 'enode://15@127.0.0.1:1248': 7, 'enode://16@127.0.0.1:1249': -8, 'enode://17@127.0.0.1:1250': -2, 'enode://18@127.0.0.1:1251': 2, 'enode://19@127.0.0.1:1252': 5, 'enode://20@127.0.0.1:1253': 5, 'enode://21@127.0.0.1:1254': -9, 'enode://22@127.0.0.1:1255': 7, 'enode://23@127.0.0.1:1256': 4, 'enode://24@127.0.0.1:1257': -3, 'enode://25@127.0.0.1:1258': 5}
13 1786637480.299 3838 None {'21': 10, '0': 0, '4': 498, '1': 185, '25': 216, '17': 113, '3': 91, '19': 0, '23': 163, '24': 154, '7': 0, '13': 189, '5': 191, '16': 33, '6': 20, '2': 115, '20': 0, '11': 3, '10': 34, '12': 285, '9': 1450, '8': 0, '22': 0, '15': 0, '18': 0, '14': 0} {'enode://1@127.0.0.1:1234': 0, 'enode://2@127.0.0.1:1235': -4, 'enode://3@127.0.0.1:1236': 0, 'enode://4@127.0.0.1:1237': -12, 'enode://5@127.0.0.1:1238': -3, 'enode://6@127.0.0.1:1239': -5, 'enode://7@127.0.0.1:1240': 1, 'enode://8@127.0.0.1:1241': 0, 'enode://9@127.0.0.1:1242': -11, 'enode://10@127.0.0.1:1243': -9, 'enode://11@127.0.0.1:1244': -10, 'enode://12@127.0.0.1:1245': -6, 'enode://13@127.0.0.1:1246': 0, 'enode://14@127.0.0.1:1247': 0, 'enode://15@127.0.0.1:1248': 1, 'enode://16@127.0.0.1:1249': -7, 'enode://17@127.0.0.1:1250': -1, 'enode://18@127.0.0.1:1251': 0, 'enode://19@127.0.0.1:1252': 0, 'enode://20@127.0.0.1:1253': 0, 'enode://21@127.0.0.1:1254': -8, 'enode://22@127.0.0.1:1255': 0, 'enode://23@127.0.0.1:1256': 0, 'enode://24@127.0.0.1:1257': -2, 'enode://25@127.0.0.1:1258': 0}
13 1786637480.299 3926 None {'21': 10, '0': 0, '4': 568, '1': 185, '25': 216, '17': 113, '3': 91, '19': 0, '23': 163, '24': 154, '7': 0, '13': 189, '5': 191, '16': 33, '6': 20, '2': 115, '20': 0, '11': 3, '10': 34, '12': 285, '9': 1450, '8': 0, '22': 0, '15': 0, '18': 0, '14': 0} {'enode://1@127.0.0.1:1234': 0, 'enode://2@127.0.0.1:1235': -3, 'enode://3@127.0.0.1:1236': 3, 'enode://4@127.0.0.1:1237': -11, 'enode://5@127.0.0.1:1238': -2, 'enode://6@127.0.0.1:1239': -4, 'enode://7@127.0.0.1:1240': -12, 'enode://8@127.0.0.1:1241': 0, 'enode://9@127.0.0.1:1242': -10, 'enode://10@127.0.0.1:1243': -8, 'enode://11@127.0.0.1:1244': -9, 'enode://12@127.0.0.1:1245': -5, 'enode://13@127.0.0.1:1246': 0, 'enode://14@127.0.0.1:1247': 0, 'enode://15@127.0.0.1:1248': 1, 'enode://16@127.0.0.1:1249': -6, 'enode://17@127.0.0.1:1250': 0, 'enode://18@127.0.0.1:1251': 0, 'enode://19@127.0.0.1:1252': 0, 'enode://20@127.0.0.1:1253': 0, 'enode://21@127.0.0.1:1254': -7, 'enode://22@127.0.0.1:1255': 0, 'enode://23@127.0.0.1:1256': 0, 'enode://24@127.0.0.1:1257': -1, 'enode://25@127.0.0.1:1258': 0}
13 1786637480.299 4102 None {'21': 10, '0': 0, '4': 568, '1': 185, '25': 216, '17': 113, '3': 91, '19': 0, '23': 163, '24': 154, '7': 87, '13': 189, '5': 191, '16': 33, '6': 20, '2': 115, '20': 0, '11': 3, '10': 34, '12': 285, '9': 1450, '8': 0, '22': 0, '15': 0, '18': 0, '14': 0} {'enode://1@127.0.0.1:1234': 0, 'enode://2@127.0.0.1:1235': -2, 'enode://3@127.0.0.1:1236': -12, 'enode://4@127.0.0.1:1237': -10, 'enode://5@127.0.0.1:1238': -1, 'enode://6@127.0.0.1:1239': -3, 'enode://7@127.0.0.1:1240': -11, 'enode://8@127.0.0.1:1241': 0, 'enode://9@127.0.0.1:1242': -9, 'enode://10@127.0.0.1:1243': -7, 'enode://11@127.0.0.1:1244': -8, 'enode://12@127.0.0.1:1245': -4, 'enode://13@127.0.0.1:1246': 0, 'enode://14@127.0.0.1:1247': 0, 'enode://15@127.0.0.1:1248': 0, 'enode://16@127.0.0.1:1249': -5, 'enode://17@127.0.0.1:1250': 0, 'enode://18@127.0.0.1:1251': 0, 'enode://19@127.0.0.1:1252': 0, 'enode://20@127.0.0.1:1253': 0, 'enode://21@127.0.0.1:1254': -6, 'enode://22@127.0.0.1:1255': 0, 'enode://23@127.0.0.1:1256': 0, 'enode://24@127.0.0.1:1257': 0, 'enode://25@127.0.0.1:1258': 0}
13 1786637480.299 4431 None {'21': 10, '0': 0, '4': 568, '1': 185, '25': 216, '17': 113, '3': 266, '19': 0, '23': 163, '24': 154, '7': 87, '13': 189, '5': 191, '16': 33, '6': 20, '2': 115, '20': 0, '11': 3, '10': 34, '12': 285, '9': 1450, '8': 0, '22': 0, '15': 0, '18': 0, '14': 0} {'enode://1@127.0.0.1:1234': 0, 'enode://2@127.0.0.1:1235': -1, 'enode://3@127.0.0.1:1236': -11, 'enode://4@127.0.0.1:1237': -9, 'enode://5@127.0.0.1:1238': 0, 'enode://6@127.0.0.1:1239': -2, 'enode://7@127.0.0.1:1240': -10, 'enode://8@127.0.0.1:1241': 2, 'enode://9@127.0.0.1:1242': -8, 'enode://10@127.0.0.1:1243': -6, 'enode://11@127.0.0.1:1244': -7, 'enode://12@127.0.0.1:1245': -3, 'enode://13@127.0.0.1:1246': 2, 'enode://14@127.0.0.1:1247': 0, 'enode://15@127.0.0.1:1248': 0, 'enode://16@127.0.0.1:1249': -4, 'enode://17@127.0.0.1:1250': 2, 'enode://18@127.0.0.1:1251': 0, 'enode://19@127.0.0.1:1252': 0, 'enode://20@127.0.0.1:1253': -12, 'enode://21@127.0.0.1:1254': -5, 'enode://22@127.0.0.1:1255': 0, 'enode://23@127.0.0.1:1256': 0, 'enode://24@127.0.0.1:1257': 3, 'enode://25@127.0.0.1:1258': 0}
13 1786637480.299 4483 None {'21': 10, '0': 0, '4': 568, '1': 185, '25': 216, '17': 113, '3': 266, '19': 0, '23': 163, '24': 154, '7': 87, '13': 189, '5': 191, '16': 33, '6': 20, '2': 115, '20': 328, '11': 3, '10': 34, '12': 285, '9': 1450, '8': 0, '22': 0, '15': 0, '18': 0, '14': 0} {'enode://1@127.0.0.1:1234': 0, 'enode://2@127.0.0.1:1235': 0, 'enode://3@127.0.0.1:1236': -10, 'enode://4@127.0.0.1:1237': -8, 'enode://5@127.0.0.1:1238': 3, 'enode://6@127.0.0.1:1239': -1, 'enode://7@127.0.0.1:1240': -9, 'enode://8@127.0.0.1:1241': -12, 'enode://9@127.0.0.1:1242': -7, 'enode://10@127.0.0.1:1243': -5, 'enode://11@127.0.0.1:1244': -6, 'enode://12@127.0.0.1:1245': -2, 'enode://13@127.0.0.1:1246': 3, 'enode://14@127.0.0.1:1247': 0, 'enode://15@127.0.0.1:1248': 0, 'enode://16@127.0.0.1:1249': -3, 'enode://17@127.0.0.1:1250': 2, 'enode://18@127.0.0.1:1251': 0, 'enode://19@127.0.0.1:1252': 0, 'enode://20@127.0.0.1:1253': -11, 'enode://21@127.0.0.1:1254': -4, 'enode://22@127.0.0.1:1255': 0, 'enode://23@127.0.0.1:1256': 0, 'enode://24@127.0.0.1:1257': 1, 'enode://25@127.0.0.1:1258': 0}
13 1786637480.3 4634 None {'21': 10, '0': 0, '4': 568, '1': 185, '25': 216, '17': 113, '3': 266, '19': 0, '23': 163, '24': 154, '7': 87, '13': 189, '5': 191, '16': 33, '6': 20, '2': 115, '20': 328, '11': 3, '10': 34, '12': 285, '9': 1450, '8': 51, '22': 0, '15': 0, '18': 0, '14': 0} {'enode://1@127.0.0.1:1234': 0, 'enode://2@127.0.0.1:1235': 0, 'enode://3@127.0.0.1:1236': -9, 'enode://4@127.0.0.1:1237': -7, 'enode://5@127.0.0.1:1238': 5, 'enode://6@127.0.0.1:1239': 0, 'enode://7@127.0.0.1:1240': -8, 'enode://8@127.0.0.1:1241': -11, 'enode://9@127.0.0.1:1242': -6, 'enode://10@127.0.0.1:1243': -4, 'enode://11@127.0.0.1:1244': -5, 'enode://12@127.0.0.1:1245': -1, 'enode://13@127.0.0.1:1246': -12, 'enode://14@127.0.0.1:1247': 0, 'enode://15@127.0.0.1:1248': 0, 'enode://16@127.0.0.1:1249': -2, 'enode://17@127.0.0.1:1250': 3, 'enode://18@127.0.0.1:1251': 0, 'enode://19@127.0.0.1:1252': 0, 'enode://20@127.0.0.1:1253': -10, 'enode://21@127.0.0.1:1254': -3, 'enode://22@127.0.0.1:1255': 0, 'enode://23@127.0.0.1:1256': 0, 'enode://24@127.0.0.1:1257': 0, 'enode://25@127.0.0.1:1258': 0}
13 1786637480.3 4691 None {'21': 10, '0': 0, '4': 568, '1': 185, '25': 216, '17': 113, '3': 266, '19': 0, '23': 163, '24': 154, '7': 87, '13': 339, '5': 191, '16': 33, '6': 20, '2': 115, '20': 328, '11': 3, '10': 34, '12': 285, '9': 1450, '8': 51, '22': 0, '15': 0, '18': 0, '14': 0} {'enode://1@127.0.0.1:1234': 0, 'enode://2@127.0.0.1:1235': 0, 'enode://3@127.0.0.1:1236': -8, 'enode://4@127.0.0.1:1237': -6, 'enode://5@127.0.0.1:1238': -12, 'enode://6@127.0.0.1:1239': 0, 'enode://7@127.0.0.1:1240': -7, 'enode://8@127.0.0.1:1241': -10, 'enode://9@127.0.0.1:1242': -5, 'enode://10@127.0.0.1:1243': -3, 'enode://11@127.0.0.1:1244': -4, 'enode://12@127.0.0.1:1245': 0, 'enode://13@127.0.0.1:1246': -11, 'enode://14@127.0.0.1:1247': 0, 'enode://15@127.0.0.1:1248': 0, 'enode://16@127.0.0.1:1249': -1, 'enode://17@127.0.0.1:1250': 3, 'enode://18@127.0.0.1:1251': 0, 'enode://19@127.0.0.1:1252': 0, 'enode://20@127.0.0.1:1253': -9, 'enode://21@127.0.0.1:1254': -2, 'enode://22@127.0.0.1:1255': 0, 'enode://23@127.0.0.1:1256': 0, 'enode://24@127.0.0.1:1257': 2, 'enode://25@127.0.0.1:1258': 0}
13 1786637480.3 4775 None {'21': 10, '0': 0, '4': 568, '1': 185, '25': 216, '17': 113, '3': 266, '19': 0, '23': 163, '24': 154, '7': 87, '13': 339, '5': 247, '16': 33, '6': 20, '2': 115, '20': 328, '11': 3, '10': 34, '12': 285, '9': 1450, '8': 51, '22': 0, '15': 0, '18': 0, '14': 0} {'enode://1@127.0.0.1:1234': 0, 'enode://2@127.0.0.1:1235': 0, 'enode://3@127.0.0.1:1236': -7, 'enode://4@127.0.0.1:1237': -5, 'enode://5@127.0.0.1:1238': -11, 'enode://6@127.0.0.1:1239': 0, 'enode://7@127.0.0.1:1240': -6, 'enode://8@127.0.0.1:1241': -9, 'enode://9@127.0.0.1:1242': -4, 'enode://10@127.0.0.1:1243': -2, 'enode://11@127.0.0.1:1244': -3, 'enode://12@127.0.0.1:1245': 6, 'enode://13@127.0.0.1:1246': -10, 'enode://14@127.0.0.1:1247': 0, 'enode://15@127.0.0.1:1248': 0, 'enode://16@127.0.0.1:1249': 0, 'enode://17@127.0.0.1:1250': 3, 'enode://18@127.0.0.1:1251': 0, 'enode://19@127.0.0.1:1252': 0, 'enode://20@127.0.0.1:1253': -8, 'enode://21@127.0.0.1:1254': -1, 'enode://22@127.0.0.1:1255': 0, 'enode://23@127.0.0.1:1256': 0, 'enode://24@127.0.0.1:1257': -12, 'enode://25@127.0.0.1:1258': 0}
13 1786637480.3 4862 None {'21': 10, '0': 0, '4': 568, '1': 185, '25': 216, '17': 113, '3': 266, '19': 0, '23': 163, '24': 237, '7': 87, '13': 339, '5': 247, '16': 33, '6': 20, '2': 115, '20': 328, '11': 3, '10': 34, '12': 285, '9': 1450, '8': 51, '22': 0, '15': 0, '18': 0, '14': 0} {'enode://1@127.0.0.1:1234': 0, 'enode://2@127.0.0.1:1235': 0, 'enode://3@127.0.0.1:1236': -6, 'enode://4@127.0.0.1:1237': -4, 'enode://5@127.0.0.1:1238': -10, 'enode://6@127.0.0.1:1239': 0, 'enode://7@127.0.0.1:1240': -5, 'enode://8@127.0.0.1:1241': -8, 'enode://9@127.0.0.1:1242': -3, 'enode://10@127.0.0.1:1243': -1, 'enode://11@127.0.0.1:1244': -2, 'enode://12@127.0.0.1:1245': -12, 'enode://13@127.0.0.1:1246': -9, 'enode://14@127.0.0.1:1247': 0, 'enode://15@127.0.0.1:1248': 0, 'enode://16@127.0.0.1:1249': 0, 'enode://17@127.0.0.1:1250': 0, 'enode://18@127.0.0.1:1251': 0, 'enode://19@127.0.0.1:1252': 0, 'enode://20@127.0.0.1:1253': -7, 'enode://21@127.0.0.1:1254': 0, 'enode://22@127.0.0.1:1255': 0, 'enode://23@127.0.0.1:1256': 2, 'enode://24@127.0.0.1:1257': -11, 'enode://25@127.0.0.1:1258': 0}
13 1786637480.3 5062 None {'21': 10, '0': 0, '4': 568, '1': 185, '25': 216, '17': 113, '3': 266, '19': 0, '23': 163, '24': 237, '7': 87, '13': 339, '5': 247, '16': 33, '6': 20, '2': 115, '20': 328, '11': 3, '10': 34, '12': 371, '9': 1450, '8': 51, '22': 0, '15': 0, '18': 0, '14': 0} {'enode://1@127.0.0.1:1234': 0, 'enode://2@127.0.0.1:1235': 0, 'enode://3@127.0.0.1:1236': -5, 'enode://4@127.0.0.1:1237': -3, 'enode://5@127.0.0.1:1238': -9, 'enode://6@127.0.0.1:1239': 0, 'enode://7@127.0.0.1:1240': -4, 'enode://8@127.0.0.1:1241': -7, 'enode://9@127.0.0.1:1242': -2, 'enode://10@127.0.0.1:1243': 0, 'enode://11@127.0.0.1:1244': -1, 'enode://12@127.0.0.1:1245': -11, 'enode://13@127.0.0.1:1246': -8, 'enode://14@127.0.0.1:1247': 0, 'enode://15@127.0.0.1:1248': 0, 'enode://16@127.0.0.1:1249': 0, 'enode://17@127.0.0.1:1250': 0, 'enode://18@127.0.0.1:1251': 0, 'enode://19@127.0.0.1:1252': 0, 'enode://20@127.0.0.1:1253': -6, 'enode://21@127.0.0.1:1254': 4, 'enode://22@127.0.0.1:1255': 0, 'enode://23@127.0.0.1:1256': -12, 'enode://24@127.0.0.1:1257': -10, 'enode://25@127.0.0.1:1258': 0}
13 1786637480.3 5484 None {'21': 10, '0': 0, '4': 568, '1': 185, '25': 216, '17': 113, '3': 266, '19': 0, '23': 362, '24': 237, '7': 87, '13': 339, '5': 247, '16': 33, '6': 20, '2': 115, '20': 328, '11': 3, '10': 34, '12': 371, '9': 1450, '8': 51, '22': 0, '15': 0, '18': 0, '14': 0} {'enode://1@127.0.0.1:1234': 2, 'enode://2@127.0.0.1:1235': 0, 'enode://3@127.0.0.1:1236': -4, 'enode://4@127.0.0.1:1237': -2, 'enode://5@127.0.0.1:1238': -8, 'enode://6@127.0.0.1:1239': 1, 'enode://7@127.0.0.1:1240': -3, 'enode://8@127.0.0.1:1241': -6, 'enode://9@127.0.0.1:1242': -1, 'enode://10@127.0.0.1:1243': 6, 'enode://11@127.0.0.1:1244': 0, 'enode://12@127.0.0.1:1245': -10, 'enode://13@127.0.0.1:1246': -7, 'enode://14@127.0.0.1:1247': 1, 'enode://15@127.0.0.1:1248': 0, 'enode://16@127.0.0.1:1249': 0, 'enode://17@127.0.0.1:1250': 0, 'enode://18@127.0.0.1:1251': 3, 'enode://19@127.0.0.1:1252': 0, 'enode://20@127.0.0.1:1253': -5, 'enode://21@127.0.0.1:1254': -12, 'enode://22@127.0.0.1:1255': 0, 'enode://23@127.0.0.1:1256': -11, 'enode://24@127.0.0.1:1257': -9, 'enode://25@127.0.0.1:1258': 0}
13 1786637480.3 5564 None {'21': 431, '0': 0, '4': 568, '1': 185, '25': 216, '17': 113, '3': 266, '19': 0, '23': 362, '24': 237, '7': 87, '13': 339, '5': 247, '16': 33, '6': 20, '2': 115, '20': 328, '11': 3, '10': 34, '12': 371, '9': 1450, '8': 51, '22': 0, '15': 0, '18': 0, '14': 0} {'enode://1@127.0.0.1:1234': 2, 'enode://2@127.0.0.1:1235': 0, 'enode://3@127.0.0.1:1236': -3, 'enode://4@127.0.0.1:1237': -1, 'enode://5@127.0.0.1:1238': -7, 'enode://6@127.0.0.1:1239': 0, 'enode://7@127.0.0.1:1240': -2, 'enode://8@127.0.0.1:1241': -5, 'enode://9@127.0.0.1:1242': 0, 'enode://10@127.0.0.1:1243': 0, 'enode://11@127.0.0.1:1244': 7, 'enode://12@127.0.0.1:1245': -9, 'enode://13@127.0.0.1:1246': -6, 'enode://14@127.0.0.1:1247': 1, 'enode://15@127.0.0.1:1248': 0, 'enode://16@127.0.0.1:1249': 0, 'enode://17@127.0.0.1:1250': 4, 'enode://18@127.0.0.1:1251': -12, 'enode://19@127.0.0.1:1252': 0, 'enode://20@127.0.0.1:1253': -4, 'enode://21@127.0.0.1:1254': -11, 'enode://22@127.0.0.1:1255': 0, 'enode://23@127.0.0.1:1256': -10, 'enode://24@127.0.0.1:1257': -8, 'enode://25@127.0.0.1:1258': 0}
13 1786637480.3 5629 None {'21': 431, '0': 0, '4': 568, '1': 185, '25': 216, '17': 113, '3': 266, '19': 0, '23': 362, '24': 237, '7': 87, '13': 339, '5': 247, '16': 33, '6': 20, '2': 115, '20': 328, '11': 3, '10': 34, '12': 371, '9': 1450, '8': 51, '22': 0, '15': 0, '18': 79, '14': 0} {'enode://1@127.0.0.1:1234': 3, 'enode://2@127.0.0.1:1235': 0, 'enode://3@127.0.0.1:1236': -2, 'enode://4@127.0.0.1:1237': 0, 'enode://5@127.0.0.1:1238': -6, 'enode://6@127.0.0.1:1239': 2, 'enode://7@127.0.0.1:1240': -1, 'enode://8@127.0.0.1:1241': -4, 'enode://9@127.0.0.1:1242': 1, 'enode://10@127.0.0.1:1243': 0, 'enode://11@127.0.0.1:1244': -12, 'enode://12@127.0.0.1:1245': -8, 'enode://13@127.0.0.1:1246': -5, 'enode://14@127.0.0.1:1247': 0, 'enode://15@127.0.0.1:1248': 0, 'enode://16@127.0.0.1:1249': 0, 'enode://17@127.0.0.1:1250': 5, 'enode://18@127.0.0.1:1251': -11, 'enode://19@127.0.0.1:1252': 0, 'enode://20@127.0.0.1:1253': -3, 'enode://21@127.0.0.1:1254': -10, 'enode://22@127.0.0.1:1255': 0, 'enode://23@127.0.0.1:1256': -9, 'enode://24@127.0.0.1:1257': -7, 'enode://25@127.0.0.1:1258': 0}
13 1786637480.3 6069 None {'21': 431, '0': 0, '4': 568, '1': 185, '25': 216, '17': 113, '3': 266, '19': 0, '23': 362, '24': 237, '7': 87, '13': 339, '5': 247, '16': 33, '6': 20, '2': 115, '20': 328, '11': 67, '10': 34, '12': 371, '9': 1450, '8': 51, '22': 0, '15': 0, '18': 79, '14': 0} {'enode://1@127.0.0.1:1234': 3, 'enode://2@127.0.0.1:1235': 4, 'enode://3@127.0.0.1:1236': -1, 'enode://4@127.0.0.1:1237': 0, 'enode://5@127.0.0.1:1238': -5, 'enode://6@127.0.0.1:1239': 1, 'enode://7@127.0.0.1:1240': 0, 'enode://8@127.0.0.1:1241': -3, 'enode://9@127.0.0.1:1242': -12, 'enode://10@127.0.0.1:1243': 0, 'enode://11@127.0.0.1:1244': -11, 'enode://12@127.0.0.1:1245': -7, 'enode://13@127.0.0.1:1246': -4, 'enode://14@127.0.0.1:1247': 3, 'enode://15@127.0.0.1:1248': 0, 'enode://16@127.0.0.1:1249': 0, 'enode://17@127.0.0.1:1250': 5, 'enode://18@127.0.0.1:1251': -10, 'enode://19@127.0.0.1:1252': 0, 'enode://20@127.0.0.1:1253': -2, 'enode://21@127.0.0.1:1254': -9, 'enode://22@127.0.0.1:1255': 0, 'enode://23@127.0.0.1:1256': -8, 'enode://24@127.0.0.1:1257': -6, 'enode://25@127.0.0.1:1258': 0}
13 1786637480.3 6229 None {'21': 431, '0': 0, '4': 568, '1': 185, '25': 216, '17': 113, '3': 266, '19': 0, '23': 362, '24': 237, '7': 87, '13': 339, '5': 247, '16': 33, '6': 20, '2': 115, '20': 328, '11': 67, '10': 34, '12': 371, '9': 1889, '8': 51, '22': 0, '15': 0, '18': 79, '14': 0} {'enode://1@127.0.0.1:1234': 0, 'enode://2@127.0.0.1:1235': 0, 'enode://3@127.0.0.1:1236': 0, 'enode://4@127.0.0.1:1237': 0, 'enode://5@127.0.0.1:1238': -4, 'enode://6@127.0.0.1:1239': 0, 'enode://7@127.0.0.1:1240': 5, 'enode://8@127.0.0.1:1241': -2, 'enode://9@127.0.0.1:1242': -11, 'enode://10@127.0.0.1:1243': 0, 'enode://11@127.0.0.1:1244': -10, 'enode://12@127.0.0.1:1245': -6, 'enode://13@127.0.0.1:1246': -3, 'enode://14@127.0.0.1:1247': -12, 'enode://15@127.0.0.1:1248': 0, 'enode://16@127.0.0.1:1249': 0, 'enode://17@127.0.0.1:1250': 0, 'enode://18@127.0.0.1:1251': -9, 'enode://19@127.0.0.1:1252': 0, 'enode://20@127.0.0.1:1253': -1, 'enode://21@127.0.0.1:1254': -8, 'enode://22@127.0.0.1:1255': 0, 'enode://23@127.0.0.1:1256': -7, 'enode://24@127.0.0.1:1257': -5, 'enode://25@127.0.0.1:1258': 0}
13 1786637480.3 6328 None {'21': 431, '0': 0, '4': 568, '1': 185, '25': 216, '17': 113, '3': 266, '19': 0, '23': 362, '24': 237, '7': 87, '13': 339, '5': 247, '16': 33, '6': 20, '2': 115, '20': 328, '11': 67, '10': 34, '12': 371, '9': 1889, '8': 51, '22': 0, '15': 0, '18': 79, '14': 159} {'enode://1@127.0.0.1:1234': -12, 'enode://2@127.0.0.1:1235': 0, 'enode://3@127.0.0.1:1236': 0, 'enode://4@127.0.0.1:1237': 0, 'enode://5@127.0.0.1:1238': -3, 'enode://6@127.0.0.1:1239': 1, 'enode://7@127.0.0.1:1240': 4, 'enode://8@127.0.0.1:1241': -1, 'enode://9@127.0.0.1:1242': -10, 'enode://10@127.0.0.1:1243': 0, 'enode://11@127.0.0.1:1244': -9, 'enode://12@127.0.0.1:1245': -5, 'enode://13@127.0.0.1:1246': -2, 'enode://14@127.0.0.1:1247': -11, 'enode://15@127.0.0.1:1248': 0, 'enode://16@127.0.0.1:1249': 0, 'enode://17@127.0.0.1:1250': 1, 'enode://18@127.0.0.1:1251': -8, 'enode://19@127.0.0.1:1252': 0, 'enode://20@127.0.0.1:1253': 0, 'enode://21@127.0.0.1:1254': -7, 'enode://22@127.0.0.1:1255': 0, 'enode://23@127.0.0.1:1256': -6, 'enode://24@127.0.0.1:1257': -4, 'enode://25@127.0.0.1:1258': 0}
13 1786637480.3 6369 None {'21': 431, '0': 0, '4': 568, '1': 283, '25': 216, '17': 113, '3': 266, '19': 0, '23': 362, '24': 237, '7': 87, '13': 339, '5': 247, '16': 33, '6': 20, '2': 115, '20': 328, '11': 67, '10': 34, '12': 371, '9': 1889, '8': 51, '22': 0, '15': 0, '18': 79, '14': 159} {'enode://1@127.0.0.1:1234': -11, 'enode://2@127.0.0.1:1235': 0, 'enode://3@127.0.0.1:1236': 0, 'enode://4@127.0.0.1:1237': 0, 'enode://5@127.0.0.1:1238': -2, 'enode://6@127.0.0.1:1239': 2, 'enode://7@127.0.0.1:1240': -12, 'enode://8@127.0.0.1:1241': 0, 'enode://9@127.0.0.1:1242': -9, 'enode://10@127.0.0.1:1243': 0, 'enode://11@127.0.0.1:1244': -8, 'enode://12@127.0.0.1:1245': -4, 'enode://13@127.0.0.1:1246': -1, 'enode://14@127.0.0.1:1247': -10, 'enode://15@127.0.0.1:1248': 0, 'enode://16@127.0.0.1:1249': 0, 'enode://17@127.0.0.1:1250': 2, 'enode://18@127.0.0.1:1251': -7, 'enode://19@127.0.0.1:1252': 0, 'enode://20@127.0.0.1:1253': 0, 'enode://21@127.0.0.1:1254': -6, 'enode://22@127.0.0.1:1255': 0, 'enode://23@127.0.0.1:1256': -5, 'enode://24@127.0.0.1:1257': -3, 'enode://25@127.0.0.1:1258': 0}
13 1786637480.3 6383 None {'21': 431, '0': 0, '4': 568, '1': 283, '25': 216, '17': 113, '3': 266, '19': 0, '23': 362, '24': 237, '7': 127, '13': 339, '5': 247, '16': 33, '6': 20, '2': 115, '20': 328, '11': 67, '10': 34, '12': 371, '9': 1889, '8': 51, '22': 0, '15': 0, '18': 79, '14': 159} {'enode://1@127.0.0.1:1234': -10, 'enode://2@127.0.0.1:1235': 0, 'enode://3@127.0.0.1:1236': 0, 'enode://4@127.0.0.1:1237': 0, 'enode://5@127.0.0.1:1238': -1, 'enode://6@127.0.0.1:1239': -12, 'enode://7@127.0.0.1:1240': -11, 'enode://8@127.0.0.1:1241': 0, 'enode://9@127.0.0.1:1242': -8, 'enode://10@127.0.0.1:1243': 0, 'enode://11@127.0.0.1:1244': -7, 'enode://12@127.0.0.1:1245': -3, 'enode://13@127.0.0.1:1246': 0, 'enode://14@127.0.0.1:1247': -9, 'enode://15@127.0.0.1:1248': 0, 'enode://16@127.0.0.1:1249': 0, 'enode://17@127.0.0.1:1250': 3, 'enode://18@127.0.0.1:1251': -6, 'enode://19@127.0.0.1:1252': 0, 'enode://20@127.0.0.1:1253': 0, 'enode://21@127.0.0.1:1254': -5, 'enode://22@127.0.0.1:1255': 0, 'enode://23@127.0.0.1:1256': -4, 'enode://24@127.0.0.1:1257': -2, 'enode://25@127.0.0.1:1258': 0}
13 1786637480.3 6392 None {'21': 431, '0': 0, '4': 568, '1': 283, '25': 216, '17': 113, '3': 266, '19': 0, '23': 362, '24': 237, '7': 127, '13': 339, '5': 247, '16': 33, '6': 33, '2': 115, '20': 328, '11': 67, '10': 34, '12': 371, '9': 1889, '8': 51, '22': 0, '15': 0, '18': 79, '14': 159} {'enode://1@127.0.0.1:1234': -9, 'enode://2@127.0.0.1:1235': 0, 'enode://3@127.0.0.1:1236': 0, 'enode://4@127.0.0.1:1237': 0, 'enode://5@127.0.0.1:1238': 0, 'enode://6@127.0.0.1:1239': -11, 'enode://7@127.0.0.1:1240': -10, 'enode://8@127.0.0.1:1241': 0, 'enode://9@127.0.0.1:1242': -7, 'enode://10@127.0.0.1:1243': 0, 'enode://11@127.0.0.1:1244': -6, 'enode://12@127.0.0.1:1245': -2, 'enode://13@127.0.0.1:1246': 0, 'enode://14@127.0.0.1:1247': -8, 'enode://15@127.0.0.1:1248': 0, 'enode://16@127.0.0.1:1249': 0, 'enode://17@127.0.0.1:1250': -12, 'enode://18@127.0.0.1:1251': -5, 'enode://19@127.0.0.1:1252': 0, 'enode://20@127.0.0.1:1253': 0, 'enode://21@127.0.0.1:1254': -4, 'enode://22@127.0.0.1:1255': 0, 'enode://23@127.0.0.1:1256': -3, 'enode://24@127.0.0.1:1257': -1, 'enode://25@127.0.0.1:1258': 0}
13 1786637480.301 7222 None {'21': 431, '0': 0, '4': 568, '1': 283, '25': 216, '17': 121, '3': 266, '19': 0, '23': 362, '24': 237, '7': 127, '13': 339, '5': 247, '16': 33, '6': 33, '2': 115, '20': 328, '11': 67, '10': 34, '12': 371, '9': 1889, '8': 51, '22': 0, '15': 0, '18': 79, '14': 159} {'enode://1@127.0.0.1:1234': -8, 'enode://2@127.0.0.1:1235': 0, 'enode://3@127.0.0.1:1236': 0, 'enode://4@127.0.0.1:1237': 0, 'enode://5@127.0.0.1:1238': 2, 'enode://6@127.0.0.1:1239': -10, 'enode://7@127.0.0.1:1240': -9, 'enode://8@127.0.0.1:1241': 2, 'enode://9@127.0.0.1:1242': -6, 'enode://10@127.0.0.1:1243': -12, 'enode://11@127.0.0.1:1244': -5, 'enode://12@127.0.0.1:1245': -1, 'enode://13@127.0.0.1:1246': 0, 'enode://14@127.0.0.1:1247': -7, 'enode://15@127.0.0.1:1248': 0, 'enode://16@127.0.0.1:1249': 0, 'enode://17@127.0.0.1:1250': -11, 'enode://18@127.0.0.1:1251': -4, 'enode://19@127.0.0.1:1252': 0, 'enode://20@127.0.0.1:1253': 2, 'enode://21@127.0.0.1:1254': -3, 'enode://22@127.0.0.1:1255': 0, 'enode://23@127.0.0.1:1256': -2, 'enode://24@127.0.0.1:1257': 0, 'enode://25@127.0.0.1:1258': 0}
13 1786637480.301 7288 None {'21': 431, '0': 0, '4': 568, '1': 283, '25': 216, '17': 121, '3': 266, '19': 0, '23': 362, '24': 237, '7': 127, '13': 339, '5': 247, '16': 33, '6': 33, '2': 115, '20': 328, '11': 67, '10': 863, '12': 371, '9': 1889, '8': 51, '22': 0, '15': 0, '18': 79, '14': 159} {'enode://1@127.0.0.1:1234': -7, 'enode://2@127.0.0.1:1235': 0, 'enode://3@127.0.0.1:1236': 0, 'enode://4@127.0.0.1:1237': 0, 'enode://5@127.0.0.1:1238': -12, 'enode://6@127.0.0.1:1239': -9, 'enode://7@127.0.0.1:1240': -8, 'enode://8@127.0.0.1:1241': 0, 'enode://9@127.0.0.1:1242': -5, 'enode://10@127.0.0.1:1243': -11, 'enode://11@127.0.0.1:1244': -4, 'enode://12@127.0.0.1:1245': 0, 'enode://13@127.0.0.1:1246': 0, 'enode://14@127.0.0.1:1247': -6, 'enode://15@127.0.0.1:1248': 0, 'enode://16@127.0.0.1:1249': 0, 'enode://17@127.0.0.1:1250': -10, 'enode://18@127.0.0.1:1251': -3, 'enode://19@127.0.0.1:1252': 0, 'enode://20@127.0.0.1:1253': 0, 'enode://21@127.0.0.1:1254': -2, 'enode://22@127.0.0.1:1255': 0, 'enode://23@127.0.0.1:1256': -1, 'enode://24@127.0.0.1:1257': 3, 'enode://25@127.0.0.1:1258': 0}
13 1786637480.301 8437 None {'21': 431, '0': 0, '4': 568, '1': 283, '25': 216, '17': 121, '3': 266, '19': 0, '23': 362, '24': 237, '7': 127, '13': 339, '5': 312, '16': 33, '6': 33, '2': 115, '20': 328, '11': 67, '10': 863, '12': 371, '9': 1889, '8': 51, '22': 0, '15': 0, '18': 79, '14': 159} {'enode://1@127.0.0.1:1234': -6, 'enode://2@127.0.0.1:1235': 2, 'enode://3@127.0.0.1:1236': 4, 'enode://4@127.0.0.1:1237': 0, 'enode://5@127.0.0.1:1238': -11, 'enode://6@127.0.0.1:1239': -8, 'enode://7@127.0.0.1:1240': -7, 'enode://8@127.0.0.1:1241': 0, 'enode://9@127.0.0.1:1242': -4, 'enode://10@127.0.0.1:1243': -10, 'enode://11@127.0.0.1:1244': -3, 'enode://12@127.0.0.1:1245': 5, 'enode://13@127.0.0.1:1246': 0, 'enode://14@127.0.0.1:1247': -5, 'enode://15@127.0.0.1:1248': 0, 'enode://16@127.0.0.1:1249': 0, 'enode://17@127.0.0.1:1250': -9, 'enode://18@127.0.0.1:1251': -2, 'enode://19@127.0.0.1:1252': 2, 'enode://20@127.0.0.1:1253': 0, 'enode://21@127.0.0.1:1254': -1, 'enode://22@127.0.0.1:1255': -12, 'enode://23@127.0.0.1:1256': 0, 'enode://24@127.0.0.1:1257': 2, 'enode://25@127.0.0.1:1258': 0}
13 1786637480.301 8501 None {'21': 431, '0': 0, '4': 568, '1': 283, '25': 216, '17': 121, '3': 266, '19': 0, '23': 362, '24': 237, '7': 127, '13': 339, '5': 312, '16': 33, '6': 33, '2': 115, '20': 328, '11': 67, '10': 863, '12': 371, '9': 1889, '8': 51, '22': 1148, '15': 0, '18': 79, '14': 159} {'enode://1@127.0.0.1:1234': -5, 'enode://2@127.0.0.1:1235': 3, 'enode://3@127.0.0.1:1236': 4, 'enode://4@127.0.0.1:1237': 0, 'enode://5@127.0.0.1:1238': -10, 'enode://6@127.0.0.1:1239': -7, 'enode://7@127.0.0.1:1240': -6, 'enode://8@127.0.0.1:1241': 0, 'enode://9@127.0.0.1:1242': -3, 'enode://10@127.0.0.1:1243': -9, 'enode://11@127.0.0.1:1244': -2, 'enode://12@127.0.0.1:1245': -12, 'enode://13@127.0.0.1:1246': 0, 'enode://14@127.0.0.1:1247': -4, 'enode://15@127.0.0.1:1248': 0, 'enode://16@127.0.0.1:1249': 0, 'enode://17@127.0.0.1:1250': -8, 'enode://18@127.0.0.1:1251': -1, 'enode://19@127.0.0.1:1252': 3, 'enode://20@127.0.0.1:1253': 0, 'enode://21@127.0.0.1:1254': 0, 'enode://22@127.0.0.1:1255': -11, 'enode://23@127.0.0.1:1256': 3, 'enode://24@127.0.0.1:1257': 0, 'enode://25@127.0.0.1:1258': 1}
13 1786637480.301 8549 None {'21': 431, '0': 0, '4': 568, '1': 283, '25': 216, '17': 121, '3': 266, '19': 0, '23': 362, '24': 237, '7': 127, '13': 339, '5': 312, '16': 33, '6': 33, '2': 115, '20': 328, '11': 67, '10': 863, '12': 434, '9': 1889, '8': 51, '22': 1148, '15': 0, '18': 79, '14': 159} {'enode://1@127.0.0.1:1234': -4, 'enode://2@127.0.0.1:1235': -12, 'enode://3@127.0.0.1:1236': 4, 'enode://4@127.0.0.1:1237': 0, 'enode://5@127.0.0.1:1238': -9, 'enode://6@127.0.0.1:1239': -6, 'enode://7@127.0.0.1:1240': -5, 'enode://8@127.0.0.1:1241': 0, 'enode://9@127.0.0.1:1242': -2, 'enode://10@127.0.0.1:1243': -8, 'enode://11@127.0.0.1:1244': -1, 'enode://12@127.0.0.1:1245': -11, 'enode://13@127.0.0.1:1246': 0, 'enode://14@127.0.0.1:1247': -3, 'enode://15@127.0.0.1:1248': 0, 'enode://16@127.0.0.1:1249': 0, 'enode://17@127.0.0.1:1250': -7, 'enode://18@127.0.0.1:1251': 0, 'enode://19@127.0.0.1:1252': 3, 'enode://20@127.0.0.1:1253': 0, 'enode://21@127.0.0.1:1254': 0, 'enode://22@127.0.0.1:1255': -10, 'enode://23@127.0.0.1:1256': 4, 'enode://24@127.0.0.1:1257': 0, 'enode://25@127.0.0.1:1258': 1}
13 1786637480.301 8585 None {'21': 431, '0': 0, '4': 568, '1': 283, '25': 216, '17': 121, '3': 266, '19': 0, '23': 362, '24': 237, '7': 127, '13': 339, '5': 312, '16': 33, '6': 33, '2': 162, '20': 328, '11': 67, '10': 863, '12': 434, '9': 1889, '8': 51, '22': 1148, '15': 0, '18': 79, '14': 159} {'enode://1@127.0.0.1:1234': -3, 'enode://2@127.0.0.1:1235': -11, 'enode://3@127.0.0.1:1236': 1, 'enode://4@127.0.0.1:1237': 0, 'enode://5@127.0.0.1:1238': -8, 'enode://6@127.0.0.1:1239': -5, 'enode://7@127.0.0.1:1240': -4, 'enode://8@127.0.0.1:1241': 0, 'enode://9@127.0.0.1:1242': -1, 'enode://10@127.0.0.1:1243': -7, 'enode://11@127.0.0.1:1244': 0, 'enode://12@127.0.0.1:1245': -10, 'enode://13@127.0.0.1:1246': 0, 'enode://14@127.0.0.1:1247': -2, 'enode://15@127.0.0.1:1248': 0, 'enode://16@127.0.0.1:1249': 0, 'enode://17@127.0.0.1:1250': -6, 'enode://18@127.0.0.1:1251': 0, 'enode://19@127.0.0.1:1252': 1, 'enode://20@127.0.0.1:1253': 0, 'enode://21@127.0.0.1:1254': 0, 'enode://22@127.0.0.1:1255': -9, 'enode://23@127.0.0.1:1256': -12, 'enode://24@127.0.0.1:1257': 0, 'enode://25@127.0.0.1:1258': 0}
13 1786637480.301 9044 None {'21': 431, '0': 0, '4': 568, '1': 283, '25': 216, '17': 121, '3': 266, '19': 0, '23': 397, '24': 237, '7': 127, '13': 339, '5': 312, '16': 33, '6': 33, '2': 162, '20': 328, '11': 67, '10': 863, '12': 434, '9': 1889, '8': 51, '22': 1148, '15': 0, '18': 79, '14': 159} {'enode://1@127.0.0.1:1234': -2, 'enode://2@127.0.0.1:1235': -10, 'enode://3@127.0.0.1:1236': 3, 'enode://4@127.0.0.1:1237': 0, 'enode://5@127.0.0.1:1238': -7, 'enode://6@127.0.0.1:1239': -4, 'enode://7@127.0.0.1:1240': -3, 'enode://8@127.0.0.1:1241': 0, 'enode://9@127.0.0.1:1242': 0, 'enode://10@127.0.0.1:1243': -6, 'enode://11@127.0.0.1:1244': 0, 'enode://12@127.0.0.1:1245': -9, 'enode://13@127.0.0.1:1246': 0, 'enode://14@127.0.0.1:1247': -1, 'enode://15@127.0.0.1:1248': -12, 'enode://16@127.0.0.1:1249': 3, 'enode://17@127.0.0.1:1250': -5, 'enode://18@127.0.0.1:1251': 3, 'enode://19@127.0.0.1:1252': 1, 'enode://20@127.0.0.1:1253': 0, 'enode://21@127.0.0.1:1254': 0, 'enode://22@127.0.0.1:1255': -8, 'enode://23@127.0.0.1:1256': -11, 'enode://24@127.0.0.1:1257': 0, 'enode://25@127.0.0.1:1258': 1}
13 1786637480.301 9207 None {'21': 431, '0': 0, '4': 568, '1': 283, '25': 216, '17': 121, '3': 266, '19': 0, '23': 397, '24': 237, '7': 127, '13': 339, '5': 312, '16': 33, '6': 33, '2': 162, '20': 328, '11': 67, '10': 863, '12': 434, '9': 1889, '8': 51, '22': 1148, '15': 458, '18': 79, '14': 159} {'enode://1@127.0.0.1:1234': -1, 'enode://2@127.0.0.1:1235': -9, 'enode://3@127.0.0.1:1236': 0, 'enode://4@127.0.0.1:1237': 0, 'enode://5@127.0.0.1:1238': -6, 'enode://6@127.0.0.1:1239': -3, 'enode://7@127.0.0.1:1240': -2, 'enode://8@127.0.0.1:1241': 0, 'enode://9@127.0.0.1:1242': 0, 'enode://10@127.0.0.1:1243': -5, 'enode://11@127.0.0.1:1244': 0, 'enode://12@127.0.0.1:1245': -8, 'enode://13@127.0.0.1:1246': 0, 'enode://14@127.0.0.1:1247': 0, 'enode://15@127.0.0.1:1248': -11, 'enode://16@127.0.0.1:1249': -12, 'enode://17@127.0.0.1:1250': -4, 'enode://18@127.0.0.1:1251': 4, 'enode://19@127.0.0.1:1252': 3, 'enode://20@127.0.0.1:1253': 0, 'enode://21@127.0.0.1:1254': 0, 'enode://22@127.0.0.1:1255': -7, 'enode://23@127.0.0.1:1256': -10, 'enode://24@127.0.0.1:1257': 0, 'enode://25@127.0.0.1:1258': 1}
13 1786637480.301 9812 None {'21': 431, '0': 0, '4': 568, '1': 283, '25': 216, '17': 121, '3': 266, '19': 0, '23': 397, '24': 237, '7': 127, '13': 339, '5': 312, '16': 195, '6': 33, '2': 162, '20': 328, '11': 67, '10': 863, '12': 434, '9': 1889, '8': 51, '22': 1148, '15': 458, '18': 79, '14': 159} {'enode://1@127.0.0.1:1234': 0, 'enode://2@127.0.0.1:1235': -8, 'enode://3@127.0.0.1:1236': 1, 'enode://4@127.0.0.1:1237': 0, 'enode://5@127.0.0.1:1238': -5, 'enode://6@127.0.0.1:1239': -2, 'enode://7@127.0.0.1:1240': -1, 'enode://8@127.0.0.1:1241': 0, 'enode://9@127.0.0.1:1242': 0, 'enode://10@127.0.0.1:1243': -4, 'enode://11@127.0.0.1:1244': 0, 'enode://12@127.0.0.1:1245': -7, 'enode://13@127.0.0.1:1246': 0, 'enode://14@127.0.0.1:1247': 0, 'enode://15@127.0.0.1:1248': -10, 'enode://16@127.0.0.1:1249': -11, 'enode://17@127.0.0.1:1250': -3, 'enode://18@127.0.0.1:1251': 3, 'enode://19@127.0.0.1:1252': 4, 'enode://20@127.0.0.1:1253': 0, 'enode://21@127.0.0.1:1254': 0, 'enode://22@127.0.0.1:1255': -6, 'enode://23@127.0.0.1:1256': -9, 'enode://24@127.0.0.1:1257': 0, 'enode://25@127.0.0.1:1258': -12}
13 1786637480.301 9848 None {'21': 431, '0': 0, '4': 568, '1': 283, '25': 820, '17': 121, '3': 266, '19': 0, '23': 397, '24': 237, '7': 127, '13': 339, '5': 312, '16': 195, '6': 33, '2': 162, '20': 328, '11': 67, '10': 863, '12': 434, '9': 1889, '8': 51, '22': 1148, '15': 458, '18': 79, '14': 159} {'enode://1@127.0.0.1:1234': 0, 'enode://2@127.0.0.1:1235': -7, 'enode://3@127.0.0.1:1236': -12, 'enode://4@127.0.0.1:1237': 0, 'enode://5@127.0.0.1:1238': -4, 'enode://6@127.0.0.1:1239': -1, 'enode://7@127.0.0.1:1240': 0, 'enode://8@127.0.0.1:1241': 0, 'enode://9@127.0.0.1:1242': 0, 'enode://10@127.0.0.1:1243': -3, 'enode://11@127.0.0.1:1244': 0, 'enode://12@127.0.0.1:1245': -6, 'enode://13@127.0.0.1:1246': 0, 'enode://14@127.0.0.1:1247': 0, 'enode://15@127.0.0.1:1248': -9, 'enode://16@127.0.0.1:1249': -10, 'enode://17@127.0.0.1:1250': -2, 'enode://18@127.0.0.1:1251': 0, 'enode://19@127.0.0.1:1252': 3, 'enode://20@127.0.0.1:1253': 0, 'enode://21@127.0.0.1:1254': 0, 'enode://22@127.0.0.1:1255': -5, 'enode://23@127.0.0.1:1256': -8, 'enode://24@127.0.0.1:1257': 0, 'enode://25@127.0.0.1:1258': -11}
13 1786637480.301 10564 None {'21': 431, '0': 0, '4': 568, '1': 283, '25': 820, '17': 121, '3': 301, '19': 0, '23': 397, '24': 237, '7': 127, '13': 339, '5': 312, '16': 195, '6': 33, '2': 162, '20': 328, '11': 67, '10': 863, '12': 434, '9': 1889, '8': 51, '22': 1148, '15': 458, '18': 79, '14': 159} {'enode://1@127.0.0.1:1234': 0, 'enode://2@127.0.0.1:1235': -6, 'enode://3@127.0.0.1:1236': -11, 'enode://4@127.0.0.1:1237': 3, 'enode://5@127.0.0.1:1238': -3, 'enode://6@127.0.0.1:1239': 0, 'enode://7@127.0.0.1:1240': 5, 'enode://8@127.0.0.1:1241': -12, 'enode://9@127.0.0.1:1242': 2, 'enode://10@127.0.0.1:1243': -2, 'enode://11@127.0.0.1:1244': 0, 'enode://12@127.0.0.1:1245': -5, 'enode://13@127.0.0.1:1246': 1, 'enode://14@127.0.0.1:1247': 0, 'enode://15@127.0.0.1:1248': -8, 'enode://16@127.0.0.1:1249': -9, 'enode://17@127.0.0.1:1250': -1, 'enode://18@127.0.0.1:1251': 0, 'enode://19@127.0.0.1:1252': 0, 'enode://20@127.0.0.1:1253': 0, 'enode://21@127.0.0.1:1254': 0, 'enode://22@127.0.0.1:1255': -4, 'enode://23@127.0.0.1:1256': -7, 'enode://24@127.0.0.1:1257': 3, 'enode://25@127.0.0.1:1258': -10}
13 1786637480.301 10597 None {'21': 431, '0': 0, '4': 568, '1': 283, '25': 820, '17': 121, '3': 301, '19': 0, '23': 397, '24': 237, '7': 127, '13': 339, '5': 312, '16': 195, '6': 33, '2': 162, '20': 328, '11': 67, '10': 863, '12': 434, '9': 1889, '8': 766, '22': 1148, '15': 458, '18': 79, '14': 159} {'enode://1@127.0.0.1:1234': 0, 'enode://2@127.0.0.1:1235': -5, 'enode://3@127.0.0.1:1236': -10, 'enode://4@127.0.0.1:1237': 3, 'enode://5@127.0.0.1:1238': -2, 'enode://6@127.0.0.1:1239': 0, 'enode://7@127.0.0.1:1240': -12, 'enode://8@127.0.0.1:1241': -11, 'enode://9@127.0.0.1:1242': 5, 'enode://10@127.0.0.1:1243': -1, 'enode://11@127.0.0.1:1244': 0, 'enode://12@127.0.0.1:1245': -4, 'enode://13@127.0.0.1:1246': 0, 'enode://14@127.0.0.1:1247': 0, 'enode://15@127.0.0.1:1248': -7, 'enode://16@127.0.0.1:1249': -8, 'enode://17@127.0.0.1:1250': 0, 'enode://18@127.0.0.1:1251': 0, 'enode://19@127.0.0.1:1252': 0, 'enode://20@127.0.0.1:1253': 0, 'enode://21@127.0.0.1:1254': 0, 'enode://22@127.0.0.1:1255': -3, 'enode://23@127.0.0.1:1256': -6, 'enode://24@127.0.0.1:1257': 1, 'enode://25@127.0.0.1:1258': -9}
13 1786637480.301 10602 None {'21': 431, '0': 0, '4': 568, '1': 283, '25': 820, '17': 121, '3': 301, '19': 0, '23': 397, '24': 237, '7': 159, '13': 339, '5': 312, '16': 195, '6': 33, '2': 162, '20': 328, '11': 67, '10': 863, '12': 434, '9': 1889, '8': 766, '22': 1148, '15': 458, '18': 79, '14': 159} {'enode://1@127.0.0.1:1234': 0, 'enode://2@127.0.0.1:1235': -4, 'enode://3@127.0.0.1:1236': -9, 'enode://4@127.0.0.1:1237': 3, 'enode://5@127.0.0.1:1238': -1, 'enode://6@127.0.0.1:1239': 0, 'enode://7@127.0.0.1:1240': -11, 'enode://8@127.0.0.1:1241': -10, 'enode://9@127.0.0.1:1242': -12, 'enode://10@127.0.0.1:1243': 0, 'enode://11@127.0.0.1:1244': 0, 'enode://12@127.0.0.1:1245': -3, 'enode://13@127.0.0.1:1246': 0, 'enode://14@127.0.0.1:1247': 0, 'enode://15@127.0.0.1:1248': -6, 'enode://16@127.0.0.1:1249': -7, 'enode://17@127.0.0.1:1250': 0, 'enode://18@127.0.0.1:1251': 0, 'enode://19@127.0.0.1:1252': 0, 'enode://20@127.0.0.1:1253': 0, 'enode://21@127.0.0.1:1254': 0, 'enode://22@127.0.0.1:1255': -2, 'enode://23@127.0.0.1:1256': -5, 'enode://24@127.0.0.1:1257': 0, 'enode://25@127.0.0.1:1258': -8}
13 1786637480.302 10611 None {'21': 431, '0': 0, '4': 568, '1': 283, '25': 820, '17': 121, '3': 301, '19': 0, '23': 397, '24': 237, '7': 159, '13': 339, '5': 312, '16': 195, '6': 33, '2': 162, '20': 328, '11': 67, '10': 863, '12': 434, '9': 1893, '8': 766, '22': 1148, '15': 458, '18': 79, '14': 159} {'enode://1@127.0.0.1:1234': 0, 'enode://2@127.0.0.1:1235': -3, 'enode://3@127.0.0.1:1236': -8, 'enode://4@127.0.0.1:1237': -12, 'enode://5@127.0.0.1:1238': 0, 'enode://6@127.0.0.1:1239': 0, 'enode://7@127.0.0.1:1240': -10, 'enode://8@127.0.0.1:1241': -9, 'enode://9@127.0.0.1:1242': -11, 'enode://10@127.0.0.1:1243': 0, 'enode://11@127.0.0.1:1244': 0, 'enode://12@127.0.0.1:1245': -2, 'enode://13@127.0.0.1:1246': 0, 'enode://14@127.0.0.1:1247': 0, 'enode://15@127.0.0.1:1248': -5, 'enode://16@127.0.0.1:1249': -6, 'enode://17@127.0.0.1:1250': 0, 'enode://18@127.0.0.1:1251': 0, 'enode://19@127.0.0.1:1252': 0, 'enode://20@127.0.0.1:1253': 0, 'enode://21@127.0.0.1:1254': 0, 'enode://22@127.0.0.1:1255': -1, 'enode://23@127.0.0.1:1256': -4, 'enode://24@127.0.0.1:1257': 0, 'enode://25@127.0.0.1:1258': -7}
13 1786637480.302 11199 None {'21': 431, '0': 0, '4': 576, '1': 283, '25': 820, '17': 121, '3': 301, '19': 0, '23': 397, '24': 237, '7': 159, '13': 339, '5': 312, '16': 195, '6': 33, '2': 162, '20': 328, '11': 67, '10': 863, '12': 434, '9': 1893, '8': 766, '22': 1148, '15': 458, '18': 79, '14': 159} {'enode://1@127.0.0.1:1234': 7, 'enode://2@127.0.0.1:1235': -2, 'enode://3@127.0.0.1:1236': -7, 'enode://4@127.0.0.1:1237': -11, 'enode://5@127.0.0.1:1238': 2, 'enode://6@127.0.0.1:1239': 5, 'enode://7@127.0.0.1:1240': -9, 'enode://8@127.0.0.1:1241': -8, 'enode://9@127.0.0.1:1242': -10, 'enode://10@127.0.0.1:1243': -12, 'enode://11@127.0.0.1:1244': 2, 'enode://12@127.0.0.1:1245': -1, 'enode://13@127.0.0.1:1246': 0, 'enode://14@127.0.0.1:1247': 4, 'enode://15@127.0.0.1:1248': -4, 'enode://16@127.0.0.1:1249': -5, 'enode://17@127.0.0.1:1250': 2, 'enode://18@127.0.0.1:1251': 3, 'enode://19@127.0.0.1:1252': 0, 'enode://20@127.0.0.1:1253': 4, 'enode://21@127.0.0.1:1254': 3, 'enode://22@127.0.0.1:1255': 0, 'enode://23@127.0.0.1:1256': -3, 'enode://24@127.0.0.1:1257': 0, 'enode://25@127.0.0.1:1258': -6}
13 1786637480.302 11211 None {'21': 431, '0': 0, '4': 576, '1': 283, '25': 820, '17': 121, '3': 301, '19': 0, '23': 397, '24': 237, '7': 159, '13': 339, '5': 312, '16': 195, '6': 33, '2': 162, '20': 328, '11': 67, '10': 1450, '12': 434, '9': 1893, '8': 766, '22': 1148, '15': 458, '18': 79, '14': 159} {'enode://1@127.0.0.1:1234': -12, 'enode://2@127.0.0.1:1235': -1, 'enode://3@127.0.0.1:1236': -6, 'enode://4@127.0.0.1:1237': -10, 'enode://5@127.0.0.1:1238': 0, 'enode://6@127.0.0.1:1239': 0, 'enode://7@127.0.0.1:1240': -8, 'enode://8@127.0.0.1:1241': -7, 'enode://9@127.0.0.1:1242': -9, 'enode://10@127.0.0.1:1243': -11, 'enode://11@127.0.0.1:1244': 0, 'enode://12@127.0.0.1:1245': 0, 'enode://13@127.0.0.1:1246': 0, 'enode://14@127.0.0.1:1247': 0, 'enode://15@127.0.0.1:1248': -3, 'enode://16@127.0.0.1:1249': -4, 'enode://17@127.0.0.1:1250': 0, 'enode://18@127.0.0.1:1251': 0, 'enode://19@127.0.0.1:1252': 0, 'enode://20@127.0.0.1:1253': 0, 'enode://21@127.0.0.1:1254': 0, 'enode://22@127.0.0.1:1255': 0, 'enode://23@127.0.0.1:1256': -2, 'enode://24@127.0.0.1:1257': 0, 'enode://25@127.0.0.1:1258': -5}
13 1786637480.302 12388 None {'21': 431, '0': 0, '4': 576, '1': 294, '25': 820, '17': 121, '3': 301, '19': 0, '23': 397, '24': 237, '7': 159, '13': 339, '5': 312, '16': 195, '6': 33, '2': 162, '20': 328, '11': 67, '10': 1450, '12': 434, '9': 1893, '8': 766, '22': 1148, '15': 458, '18': 79, '14': 159} {'enode://1@127.0.0.1:1234': -11, 'enode://2@127.0.0.1:1235': 0, 'enode://3@127.0.0.1:1236': -5, 'enode://4@127.0.0.1:1237': -9, 'enode://5@127.0.0.1:1238': 0, 'enode://6@127.0.0.1:1239': 0, 'enode://7@127.0.0.1:1240': -7, 'enode://8@127.0.0.1:1241': -6, 'enode://9@127.0.0.1:1242': -8, 'enode://10@127.0.0.1:1243': -10, 'enode://11@127.0.0.1:1244': 0, 'enode://12@127.0.0.1:1245': 2, 'enode://13@127.0.0.1:1246': 0, 'enode://14@127.0.0.1:1247': 0, 'enode://15@127.0.0.1:1248': -2, 'enode://16@127.0.0.1:1249': -3, 'enode://17@127.0.0.1:1250': 0, 'enode://18@127.0.0.1:1251': 0, 'enode://19@127.0.0.1:1252': -12, 'enode://20@127.0.0.1:1253': 0, 'enode://21@127.0.0.1:1254': 0, 'enode://22@127.0.0.1:1255': 2, 'enode://23@127.0.0.1:1256': -1, 'enode://24@127.0.0.1:1257': 0, 'enode://25@127.0.0.1:1258': -4}
13 1786637480.302 12444 None {'21': 431, '0': 0, '4': 576, '1': 294, '25': 820, '17': 121, '3': 301, '19': 1176, '23': 397, '24': 237, '7': 159, '13': 339, '5': 312, '16': 195, '6': 33, '2': 162, '20': 328, '11': 67, '10': 1450, '12': 434, '9': 1893, '8': 766, '22': 1148, '15': 458, '18': 79, '14': 159} {'enode://1@127.0.0.1:1234': -10, 'enode://2@127.0.0.1:1235': 5, 'enode://3@127.0.0.1:1236': -4, 'enode://4@127.0.0.1:1237': -8, 'enode://5@127.0.0.1:1238': 0, 'enode://6@127.0.0.1:1239': 0, 'enode://7@127.0.0.1:1240': -6, 'enode://8@127.0.0.1:1241': -5, 'enode://9@127.0.0.1:1242': -7, 'enode://10@127.0.0.1:1243': -9, 'enode://11@127.0.0.1:1244': 0, 'enode://12@127.0.0.1:1245': 3, 'enode://13@127.0.0.1:1246': 0, 'enode://14@127.0.0.1:1247': 0, 'enode://15@127.0.0.1:1248': -1, 'enode://16@127.0.0.1:1249': -2, 'enode://17@127.0.0.1:1250': 0, 'enode://18@127.0.0.1:1251': 0, 'enode://19@127.0.0.1:1252': -11, 'enode://20@127.0.0.1:1253': 0, 'enode://21@127.0.0.1:1254': 0, 'enode://22@127.0.0.1:1255': -12, 'enode://23@127.0.0.1:1256': 0, 'enode://24@127.0.0.1:1257': 0, 'enode://25@127.0.0.1:1258': -3}
13 1786637480.302 12477 None {'21': 431, '0': 0, '4': 576, '1': 294, '25': 820, '17': 121, '3': 301, '19': 1176, '23': 397, '24': 237, '7': 159, '13': 339, '5': 312, '16': 195, '6': 33, '2': 162, '20': 328, '11': 67, '10': 1450, '12': 434, '9': 1893, '8': 766, '22': 1203, '15': 458, '18': 79, '14': 159} {'enode://1@127.0.0.1:1234': -9, 'enode://2@127.0.0.1:1235': -12, 'enode://3@127.0.0.1:1236': -3, 'enode://4@127.0.0.1:1237': -7, 'enode://5@127.0.0.1:1238': 0, 'enode://6@127.0.0.1:1239': 0, 'enode://7@127.0.0.1:1240': -5, 'enode://8@127.0.0.1:1241': -4, 'enode://9@127.0.0.1:1242': -6, 'enode://10@127.0.0.1:1243': -8, 'enode://11@127.0.0.1:1244': 0, 'enode://12@127.0.0.1:1245': 2, 'enode://13@127.0.0.1:1246': 0, 'enode://14@127.0.0.1:1247': 0, 'enode://15@127.0.0.1:1248': 0, 'enode://16@127.0.0.1:1249': -1, 'enode://17@127.0.0.1:1250': 0, 'enode://18@127.0.0.1:1251': 0, 'enode://19@127.0.0.1:1252': -10, 'enode://20@127.0.0.1:1253': 0, 'enode://21@127.0.0.1:1254': 0, 'enode://22@127.0.0.1:1255': -11, 'enode://23@127.0.0.1:1256': 7, 'enode://24@127.0.0.1:1257': 0, 'enode://25@127.0.0.1:1258': -2}
13 1786637480.302 12494 None {'21': 431, '0': 0, '4': 576, '1': 294, '25': 820, '17': 121, '3': 301, '19': 1176, '23': 397, '24': 237, '7': 159, '13': 339, '5': 312, '16': 195, '6': 33, '2': 194, '20': 328, '11': 67, '10': 1450, '12': 434, '9': 1893, '8': 766, '22': 1203, '15': 458, '18': 79, '14': 159} {'enode://1@127.0.0.1:1234': -8, 'enode://2@127.0.0.1:1235': -11, 'enode://3@127.0.0.1:1236': -2, 'enode://4@127.0.0.1:1237': -6, 'enode://5@127.0.0.1:1238': 0, 'enode://6@127.0.0.1:1239': 0, 'enode://7@127.0.0.1:1240': -4, 'enode://8@127.0.0.1:1241': -3, 'enode://9@127.0.0.1:1242': -5, 'enode://10@127.0.0.1:1243': -7, 'enode://11@127.0.0.1:1244': 0, 'enode://12@127.0.0.1:1245': 2, 'enode://13@127.0.0.1:1246': 0, 'enode://14@127.0.0.1:1247': 0, 'enode://15@127.0.0.1:1248': 3, 'enode://16@127.0.0.1:1249': 0, 'enode://17@127.0.0.1:1250': 0, 'enode://18@127.0.0.1:1251': 0, 'enode://19@127.0.0.1:1252': -9, 'enode://20@127.0.0.1:1253': 0, 'enode://21@127.0.0.1:1254': 0, 'enode://22@127.0.0.1:1255': -10, 'enode://23@127.0.0.1:1256': -12, 'enode://24@127.0.0.1:1257': 0, 'enode://25@127.0.0.1:1258': -1}
13 1786637480.302 12569 None {'21': 431, '0': 0, '4': 576, '1': 294, '25': 820, '17': 121, '3': 301, '19': 1176, '23': 413, '24': 237, '7': 159, '13': 339, '5': 312, '16': 195, '6': 33, '2': 194, '20': 328, '11': 67, '10': 1450, '12': 434, '9': 1893, '8': 766, '22': 1203, '15': 458, '18': 79, '14': 159} {'enode://1@127.0.0.1:1234': -7, 'enode://2@127.0.0.1:1235': -10, 'enode://3@127.0.0.1:1236': -1, 'enode://4@127.0.0.1:1237': -5, 'enode://5@127.0.0.1:1238': 0, 'enode://6@127.0.0.1:1239': 0, 'enode://7@127.0.0.1:1240': -3, 'enode://8@127.0.0.1:1241': -2, 'enode://9@127.0.0.1:1242': -4, 'enode://10@127.0.0.1:1243': -6, 'enode://11@127.0.0.1:1244': 0, 'enode://12@127.0.0.1:1245': 3, 'enode://13@127.0.0.1:1246': 0, 'enode://14@127.0.0.1:1247': 0, 'enode://15@127.0.0.1:1248': -12, 'enode://16@127.0.0.1:1249': 4, 'enode://17@127.0.0.1:1250': 0, 'enode://18@127.0.0.1:1251': 0, 'enode://19@127.0.0.1:1252': -8, 'enode://20@127.0.0.1:1253': 0, 'enode://21@127.0.0.1:1254': 0, 'enode://22@127.0.0.1:1255': -9, 'enode://23@127.0.0.1:1256': -11, 'enode://24@127.0.0.1:1257': 0, 'enode://25@127.0.0.1:1258': 0}
13 1786637480.302 12578 None {'21': 431, '0': 0, '4': 576, '1': 294, '25': 820, '17': 121, '3': 301, '19': 1176, '23': 413, '24': 237, '7': 159, '13': 339, '5': 312, '16': 195, '6': 33, '2': 194, '20': 328, '11': 67, '10': 1450, '12': 434, '9': 1893, '8': 766, '22': 1203, '15': 532, '18': 79, '14': 159} {'enode://1@127.0.0.1:1234': -6, 'enode://2@127.0.0.1:1235': -9, 'enode://3@127.0.0.1:1236': 0, 'enode://4@127.0.0.1:1237': -4, 'enode://5@127.0.0.1:1238': 0, 'enode://6@127.0.0.1:1239': 0, 'enode://7@127.0.0.1:1240': -2, 'enode://8@127.0.0.1:1241': -1, 'enode://9@127.0.0.1:1242': -3, 'enode://10@127.0.0.1:1243': -5, 'enode://11@127.0.0.1:1244': 0, 'enode://12@127.0.0.1:1245': 3, 'enode://13@127.0.0.1:1246': 0, 'enode://14@127.0.0.1:1247': 0, 'enode://15@127.0.0.1:1248': -11, 'enode://16@127.0.0.1:1249': -12, 'enode://17@127.0.0.1:1250': 0, 'enode://18@127.0.0.1:1251': 0, 'enode://19@127.0.0.1:1252': -7, 'enode://20@127.0.0.1:1253': 0, 'enode://21@127.0.0.1:1254': 0, 'enode://22@127.0.0.1:1255': -8, 'enode://23@127.0.0.1:1256': -10, 'enode://24@127.0.0.1:1257': 0, 'enode://25@127.0.0.1:1258': 4}
13 1786637480.302 12681 None {'21': 431, '0': 0, '4': 576, '1': 294, '25': 820, '17': 121, '3': 301, '19': 1176, '23': 413, '24': 237, '7': 159, '13': 339, '5': 312, '16': 203, '6': 33, '2': 194, '20': 328, '11': 67, '10': 1450, '12': 434, '9': 1893, '8': 766, '22': 1203, '15': 532, '18': 79, '14': 159} {'enode://1@127.0.0.1:1234': -5, 'enode://2@127.0.0.1:1235': -8, 'enode://3@127.0.0.1:1236': 3, 'enode://4@127.0.0.1:1237': -3, 'enode://5@127.0.0.1:1238': 0, 'enode://6@127.0.0.1:1239': 0, 'enode://7@127.0.0.1:1240': -1, 'enode://8@127.0.0.1:1241': 0, 'enode://9@127.0.0.1:1242': -2, 'enode://10@127.0.0.1:1243': -4, 'enode://11@127.0.0.1:1244': 0, 'enode://12@127.0.0.1:1245': 2, 'enode://13@127.0.0.1:1246': 0, 'enode://14@127.0.0.1:1247': 0, 'enode://15@127.0.0.1:1248': -10, 'enode://16@127.0.0.1:1249': -11, 'enode://17@127.0.0.1:1250': 0, 'enode://18@127.0.0.1:1251': 0, 'enode://19@127.0.0.1:1252': -6, 'enode://20@127.0.0.1:1253': 0, 'enode://21@127.0.0.1:1254': 0, 'enode://22@127.0.0.1:1255': -7, 'enode://23@127.0.0.1:1256': -9, 'enode://24@127.0.0.1:1257': 0, 'enode://25@127.0.0.1:1258': -12}
13 1786637480.302 12712 None {'21': 431, '0': 0, '4': 576, '1': 294, '25': 922, '17': 121, '3': 301, '19': 1176, '23': 413, '24': 237, '7': 159, '13': 339, '5': 312, '16': 203, '6': 33, '2': 194, '20': 328, '11': 67, '10': 1450, '12': 434, '9': 1893, '8': 766, '22': 1203, '15': 532, '18': 79, '14': 159} {'enode://1@127.0.0.1:1234': -4, 'enode://2@127.0.0.1:1235': -7, 'enode://3@127.0.0.1:1236': -12, 'enode://4@127.0.0.1:1237': -2, 'enode://5@127.0.0.1:1238': 0, 'enode://6@127.0.0.1:1239': 0, 'enode://7@127.0.0.1:1240': 0, 'enode://8@127.0.0.1:1241': 0, 'enode://9@127.0.0.1:1242': -1, 'enode://10@127.0.0.1:1243': -3, 'enode://11@127.0.0.1:1244': 0, 'enode://12@127.0.0.1:1245': 2, 'enode://13@127.0.0.1:1246': 0, 'enode://14@127.0.0.1:1247': 0, 'enode://15@127.0.0.1:1248': -9, 'enode://16@127.0.0.1:1249': -10, 'enode://17@127.0.0.1:1250': 0, 'enode://18@127.0.0.1:1251': 0, 'enode://19@127.0.0.1:1252': -5, 'enode://20@127.0.0.1:1253': 0, 'enode://21@127.0.0.1:1254': 0, 'enode://22@127.0.0.1:1255': -6, 'enode://23@127.0.0.1:1256': -8, 'enode://24@127.0.0.1:1257': 0, 'enode://25@127.0.0.1:1258': -11}
13 1786637480.302 13112 None {'21': 431, '0': 0, '4': 576, '1': 294, '25': 922, '17': 121, '3': 331, '19': 1176, '23': 413, '24': 237, '7': 159, '13': 339, '5': 312, '16': 203, '6': 33, '2': 194, '20': 328, '11': 67, '10': 1450, '12': 434, '9': 1893, '8': 766, '22': 1203, '15': 532, '18': 79, '14': 159} {'enode://1@127.0.0.1:1234': -3, 'enode://2@127.0.0.1:1235': -6, 'enode://3@127.0.0.1:1236': -11, 'enode://4@127.0.0.1:1237': -1, 'enode://5@127.0.0.1:1238': 0, 'enode://6@127.0.0.1:1239': 2, 'enode://7@127.0.0.1:1240': 3, 'enode://8@127.0.0.1:1241': 0, 'enode://9@127.0.0.1:1242': 0, 'enode://10@127.0.0.1:1243': -2, 'enode://11@127.0.0.1:1244': 0, 'enode://12@127.0.0.1:1245': 2, 'enode://13@127.0.0.1:1246': 0, 'enode://14@127.0.0.1:1247': 2, 'enode://15@127.0.0.1:1248': -8, 'enode://16@127.0.0.1:1249': -9, 'enode://17@127.0.0.1:1250': 0, 'enode://18@127.0.0.1:1251': -12, 'enode://19@127.0.0.1:1252': -4, 'enode://20@127.0.0.1:1253': 3, 'enode://21@127.0.0.1:1254': 3, 'enode://22@127.0.0.1:1255': -5, 'enode://23@127.0.0.1:1256': -7, 'enode://24@127.0.0.1:1257': 0, 'enode://25@127.0.0.1:1258': -10}
13 1786637480.302 13116 None {'21': 431, '0': 0, '4': 576, '1': 294, '25': 922, '17': 121, '3': 331, '19': 1176, '23': 413, '24': 237, '7': 159, '13': 339, '5': 312, '16': 203, '6': 33, '2': 194, '20': 328, '11': 67, '10': 1450, '12': 434, '9': 1893, '8': 766, '22': 1203, '15': 532, '18': 478, '14': 159} {'enode://1@127.0.0.1:1234': -2, 'enode://2@127.0.0.1:1235': -5, 'enode://3@127.0.0.1:1236': -10, 'enode://4@127.0.0.1:1237': 0, 'enode://5@127.0.0.1:1238': 0, 'enode://6@127.0.0.1:1239': 0, 'enode://7@127.0.0.1:1240': 0, 'enode://8@127.0.0.1:1241': 0, 'enode://9@127.0.0.1:1242': 0, 'enode://10@127.0.0.1:1243': -1, 'enode://11@127.0.0.1:1244': 0, 'enode://12@127.0.0.1:1245': 0, 'enode://13@127.0.0.1:1246': 0, 'enode://14@127.0.0.1:1247': 2, 'enode://15@127.0.0.1:1248': -7, 'enode://16@127.0.0.1:1249': -8, 'enode://17@127.0.0.1:1250': 0, 'enode://18@127.0.0.1:1251': -11, 'enode://19@127.0.0.1:1252': -3, 'enode://20@127.0.0.1:1253': 3, 'enode://21@127.0.0.1:1254': -12, 'enode://22@127.0.0.1:1255': -4, 'enode://23@127.0.0.1:1256': -6, 'enode://24@127.0.0.1:1257': 0, 'enode://25@127.0.0.1:1258': -9}
13 1786637480.302 13156 None {'21': 434, '0': 0, '4': 576, '1': 294, '25': 922, '17': 121, '3': 331, '19': 1176, '23': 413, '24': 237, '7': 159, '13': 339, '5': 312, '16': 203, '6': 33, '2': 194, '20': 328, '11': 67, '10': 1450, '12': 434, '9': 1893, '8': 766, '22': 1203, '15': 532, '18': 478, '14': 159} {'enode://1@127.0.0.1:1234': -1, 'enode://2@127.0.0.1:1235': -4, 'enode://3@127.0.0.1:1236': -9, 'enode://4@127.0.0.1:1237': 0, 'enode://5@127.0.0.1:1238': 0, 'enode://6@127.0.0.1:1239': 0, 'enode://7@127.0.0.1:1240': 0, 'enode://8@127.0.0.1:1241': 0, 'enode://9@127.0.0.1:1242': 0, 'enode://10@127.0.0.1:1243': 0, 'enode://11@127.0.0.1:1244': 0, 'enode://12@127.0.0.1:1245': 0, 'enode://13@127.0.0.1:1246': 0, 'enode://14@127.0.0.1:1247': 4, 'enode://15@127.0.0.1:1248': -6, 'enode://16@127.0.0.1:1249': -7, 'enode://17@127.0.0.1:1250': 0, 'enode://18@127.0.0.1:1251': -10, 'enode://19@127.0.0.1:1252': -2, 'enode://20@127.0.0.1:1253': -12, 'enode://21@127.0.0.1:1254': -11, 'enode://22@127.0.0.1:1255': -3, 'enode://23@127.0.0.1:1256': -5, 'enode://24@127.0.0.1:1257': 0, 'enode://25@127.0.0.1:1258': -8}
13 1786637480.303 13186 None {'21': 434, '0': 0, '4': 576, '1': 294, '25': 922, '17': 121, '3': 331, '19': 1176, '23': 413, '24': 237, '7': 159, '13': 339, '5': 312, '16': 203, '6': 33, '2': 194, '20': 367, '11': 67, '10': 1450, '12': 434, '9': 1893, '8': 766, '22': 1203, '15': 532, '18': 478, '14': 159} {'enode://1@127.0.0.1:1234': 0, 'enode://2@127.0.0.1:1235': -3, 'enode://3@127.0.0.1:1236': -8, 'enode://4@127.0.0.1:1237': 0, 'enode://5@127.0.0.1:1238': 0, 'enode://6@127.0.0.1:1239': 0, 'enode://7@127.0.0.1:1240': 0, 'enode://8@127.0.0.1:1241': 0, 'enode://9@127.0.0.1:1242': 0, 'enode://10@127.0.0.1:1243': 5, 'enode://11@127.0.0.1:1244': 0, 'enode://12@127.0.0.1:1245': 0, 'enode://13@127.0.0.1:1246': 0, 'enode://14@127.0.0.1:1247': -12, 'enode://15@127.0.0.1:1248': -5, 'enode://16@127.0.0.1:1249': -6, 'enode://17@127.0.0.1:1250': 0, 'enode://18@127.0.0.1:1251': -9, 'enode://19@127.0.0.1:1252': -1, 'enode://20@127.0.0.1:1253': -11, 'enode://21@127.0.0.1:1254': -10, 'enode://22@127.0.0.1:1255': -2, 'enode://23@127.0.0.1:1256': -4, 'enode://24@127.0.0.1:1257': 0, 'enode://25@127.0.0.1:1258': -7}
13 1786637480.303 13213 None {'21': 434, '0': 0, '4': 576, '1': 294, '25': 922, '17': 121, '3': 331, '19': 1176, '23': 413, '24': 237, '7': 159, '13': 339, '5': 312, '16': 203, '6': 33, '2': 194, '20': 367, '11': 67, '10': 1450, '12': 434, '9': 1893, '8': 766, '22': 1203, '15': 532, '18': 478, '14': 188} {'enode://1@127.0.0.1:1234': 0, 'enode://2@127.0.0.1:1235': -2, 'enode://3@127.0.0.1:1236': -7, 'enode://4@127.0.0.1:1237': 0, 'enode://5@127.0.0.1:1238': 0, 'enode://6@127.0.0.1:1239': 0, 'enode://7@127.0.0.1:1240': 0, 'enode://8@127.0.0.1:1241': 0, 'enode://9@127.0.0.1:1242': 0, 'enode://10@127.0.0.1:1243': -12, 'enode://11@127.0.0.1:1244': 0, 'enode://12@127.0.0.1:1245': 0, 'enode://13@127.0.0.1:1246': 0, 'enode://14@127.0.0.1:1247': -11, 'enode://15@127.0.0.1:1248': -4, 'enode://16@127.0.0.1:1249': -5, 'enode://17@127.0.0.1:1250': 0, 'enode://18@127.0.0.1:1251': -8, 'enode://19@127.0.0.1:1252': 0, 'enode://20@127.0.0.1:1253': -10, 'enode://21@127.0.0.1:1254': -9, 'enode://22@127.0.0.1:1255': -1, 'enode://23@127.0.0.1:1256': -3, 'enode://24@127.0.0.1:1257': 0, 'enode://25@127.0.0.1:1258': -6}
13 1786637480.303 13889 None {'21': 434, '0': 0, '4': 576, '1': 294, '25': 922, '17': 121, '3': 331, '19': 1176, '23': 413, '24': 237, '7': 159, '13': 339, '5': 312, '16': 203, '6': 33, '2': 194, '20': 367, '11': 67, '10': 1476, '12': 434, '9': 1893, '8': 766, '22': 1203, '15': 532, '18': 478, '14': 188} {'enode://1@127.0.0.1:1234': 1, 'enode://2@127.0.0.1:1235': -1, 'enode://3@127.0.0.1:1236': -6, 'enode://4@127.0.0.1:1237': 0, 'enode://5@127.0.0.1:1238': 0, 'enode://6@127.0.0.1:1239': 3, 'enode://7@127.0.0.1:1240': 3, 'enode://8@127.0.0.1:1241': 0, 'enode://9@127.0.0.1:1242': 0, 'enode://10@127.0.0.1:1243': -11, 'enode://11@127.0.0.1:1244': 0, 'enode://12@127.0.0.1:1245': 3, 'enode://13@127.0.0.1:1246': 0, 'enode://14@127.0.0.1:1247': -10, 'enode://15@127.0.0.1:1248': -3, 'enode://16@127.0.0.1:1249': -4, 'enode://17@127.0.0.1:1250': -12, 'enode://18@127.0.0.1:1251': -7, 'enode://19@127.0.0.1:1252': 0, 'enode://20@127.0.0.1:1253': -9, 'enode://21@127.0.0.1:1254': -8, 'enode://22@127.0.0.1:1255': 0, 'enode://23@127.0.0.1:1256': -2, 'enode://24@127.0.0.1:1257': 0, 'enode://25@127.0.0.1:1258': -5}
13 1786637480.303 14277 None {'21': 434, '0': 0, '4': 576, '1': 294, '25': 922, '17': 796, '3': 331, '19': 1176, '23': 413, '24': 237, '7': 159, '13': 339, '5': 312, '16': 203, '6': 33, '2': 194, '20': 367, '11': 67, '10': 1476, '12': 434, '9': 1893, '8': 766, '22': 1203, '15': 532, '18': 478, '14': 188} {'enode://1@127.0.0.1:1234': 0, 'enode://2@127.0.0.1:1235': 0, 'enode://3@127.0.0.1:1236': -5, 'enode://4@127.0.0.1:1237': 0, 'enode://5@127.0.0.1:1238': 0, 'enode://6@127.0.0.1:1239': 0, 'enode://7@127.0.0.1:1240': -12, 'enode://8@127.0.0.1:1241': 0, 'enode://9@127.0.0.1:1242': 0, 'enode://10@127.0.0.1:1243': -10, 'enode://11@127.0.0.1:1244': 0, 'enode://12@127.0.0.1:1245': 1, 'enode://13@127.0.0.1:1246': 0, 'enode://14@127.0.0.1:1247': -9, 'enode://15@127.0.0.1:1248': -2, 'enode://16@127.0.0.1:1249': -3, 'enode://17@127.0.0.1:1250': -11, 'enode://18@127.0.0.1:1251': -6, 'enode://19@127.0.0.1:1252': 0, 'enode://20@127.0.0.1:1253': -8, 'enode://21@127.0.0.1:1254': -7, 'enode://22@127.0.0.1:1255': 5, 'enode://23@127.0.0.1:1256': -1, 'enode://24@127.0.0.1:1257': 0, 'enode://25@127.0.0.1:1258': -4}
13 1786637480.303 14282 None {'21': 434, '0': 0, '4': 576, '1': 294, '25': 922, '17': 796, '3': 331, '19': 1176, '23': 413, '24': 237, '7': 546, '13': 339, '5': 312, '16': 203, '6': 33, '2': 194, '20': 367, '11': 67, '10': 1476, '12': 434, '9': 1893, '8': 766, '22': 1203, '15': 532, '18': 478, '14': 188} {'enode://1@127.0.0.1:1234': 0, 'enode://2@127.0.0.1:1235': 0, 'enode://3@127.0.0.1:1236': -4, 'enode://4@127.0.0.1:1237': 0, 'enode://5@127.0.0.1:1238': 0, 'enode://6@127.0.0.1:1239': 0, 'enode://7@127.0.0.1:1240': -11, 'enode://8@127.0.0.1:1241': 0, 'enode://9@127.0.0.1:1242': 0, 'enode://10@127.0.0.1:1243': -9, 'enode://11@127.0.0.1:1244': 0, 'enode://12@127.0.0.1:1245': 0, 'enode://13@127.0.0.1:1246': 0, 'enode://14@127.0.0.1:1247': -8, 'enode://15@127.0.0.1:1248': -1, 'enode://16@127.0.0.1:1249': -2, 'enode://17@127.0.0.1:1250': -10, 'enode://18@127.0.0.1:1251': -5, 'enode://19@127.0.0.1:1252': 0, 'enode://20@127.0.0.1:1253': -7, 'enode://21@127.0.0.1:1254': -6, 'enode://22@127.0.0.1:1255': -12, 'enode://23@127.0.0.1:1256': 0, 'enode://24@127.0.0.1:1257': 0, 'enode://25@127.0.0.1:1258': -3}
13 1786637480.303 14824 None {'21': 434, '0': 0, '4': 576, '1': 294, '25': 922, '17': 796, '3': 331, '19': 1176, '23': 413, '24': 237, '7': 546, '13': 339, '5': 312, '16': 203, '6': 33, '2': 194, '20': 367, '11': 67, '10': 1476, '12': 434, '9': 1893, '8': 766, '22': 1207, '15': 532, '18': 478, '14': 188} {'enode://1@127.0.0.1:1234': 4, 'enode://2@127.0.0.1:1235': 5, 'enode://3@127.0.0.1:1236': -3, 'enode://4@127.0.0.1:1237': 0, 'enode://5@127.0.0.1:1238': 0, 'enode://6@127.0.0.1:1239': 1, 'enode://7@127.0.0.1:1240': -10, 'enode://8@127.0.0.1:1241': 0, 'enode://9@127.0.0.1:1242': -12, 'enode://10@127.0.0.1:1243': -8, 'enode://11@127.0.0.1:1244': 0, 'enode://12@127.0.0.1:1245': 2, 'enode://13@127.0.0.1:1246': 0, 'enode://14@127.0.0.1:1247': -7, 'enode://15@127.0.0.1:1248': 0, 'enode://16@127.0.0.1:1249': -1, 'enode://17@127.0.0.1:1250': -9, 'enode://18@127.0.0.1:1251': -4, 'enode://19@127.0.0.1:1252': 1, 'enode://20@127.0.0.1:1253': -6, 'enode://21@127.0.0.1:1254': -5, 'enode://22@127.0.0.1:1255': -11, 'enode://23@127.0.0.1:1256': 6, 'enode://24@127.0.0.1:1257': 0, 'enode://25@127.0.0.1:1258': -2}
13 1786637480.303 14912 None {'21': 434, '0': 0, '4': 576, '1': 294, '25': 922, '17': 796, '3': 331, '19': 1176, '23': 413, '24': 237, '7': 546, '13': 339, '5': 312, '16': 203, '6': 33, '2': 194, '20': 367, '11': 67, '10': 1476, '12': 434, '9': 2434, '8': 766, '22': 1207, '15': 532, '18': 478, '14': 188} {'enode://1@127.0.0.1:1234': 3, 'enode://2@127.0.0.1:1235': 2, 'enode://3@127.0.0.1:1236': -2, 'enode://4@127.0.0.1:1237': 0, 'enode://5@127.0.0.1:1238': 0, 'enode://6@127.0.0.1:1239': 1, 'enode://7@127.0.0.1:1240': -9, 'enode://8@127.0.0.1:1241': 0, 'enode://9@127.0.0.1:1242': -11, 'enode://10@127.0.0.1:1243': -7, 'enode://11@127.0.0.1:1244': 0, 'enode://12@127.0.0.1:1245': 0, 'enode://13@127.0.0.1:1246': 0, 'enode://14@127.0.0.1:1247': -6, 'enode://15@127.0.0.1:1248': 4, 'enode://16@127.0.0.1:1249': 0, 'enode://17@127.0.0.1:1250': -8, 'enode://18@127.0.0.1:1251': -3, 'enode://19@127.0.0.1:1252': 0, 'enode://20@127.0.0.1:1253': -5, 'enode://21@127.0.0.1:1254': -4, 'enode://22@127.0.0.1:1255': -10, 'enode://23@127.0.0.1:1256': -12, 'enode://24@127.0.0.1:1257': 0, 'enode://25@127.0.0.1:1258': -1}
13 1786637480.303 15049 None {'21': 434, '0': 0, '4': 576, '1': 294, '25': 922, '17': 796, '3': 331, '19': 1176, '23': 500, '24': 237, '7': 546, '13': 339, '5': 312, '16': 203, '6': 33, '2': 194, '20': 367, '11': 67, '10': 1476, '12': 434, '9': 2434, '8': 766, '22': 1207, '15': 532, '18': 478, '14': 188} {'enode://1@127.0.0.1:1234': 3, 'enode://2@127.0.0.1:1235': 8, 'enode://3@127.0.0.1:1236': -1, 'enode://4@127.0.0.1:1237': 0, 'enode://5@127.0.0.1:1238': 0, 'enode://6@127.0.0.1:1239': 1, 'enode://7@127.0.0.1:1240': -8, 'enode://8@127.0.0.1:1241': 0, 'enode://9@127.0.0.1:1242': -10, 'enode://10@127.0.0.1:1243': -6, 'enode://11@127.0.0.1:1244': 0, 'enode://12@127.0.0.1:1245': 0, 'enode://13@127.0.0.1:1246': 2, 'enode://14@127.0.0.1:1247': -5, 'enode://15@127.0.0.1:1248': -12, 'enode://16@127.0.0.1:1249': 7, 'enode://17@127.0.0.1:1250': -7, 'enode://18@127.0.0.1:1251': -2, 'enode://19@127.0.0.1:1252': 0, 'enode://20@127.0.0.1:1253': -4, 'enode://21@127.0.0.1:1254': -3, 'enode://22@127.0.0.1:1255': -9, 'enode://23@127.0.0.1:1256': -11, 'enode://24@127.0.0.1:1257': 0, 'enode://25@127.0.0.1:1258': 0}
13 1786637480.303 15123 None {'21': 434, '0': 0, '4': 576, '1': 294, '25': 922, '17': 796, '3': 331, '19': 1176, '23': 500, '24': 237, '7': 546, '13': 339, '5': 312, '16': 203, '6': 33, '2': 194, '20': 367, '11': 67, '10': 1476, '12': 434, '9': 2434, '8': 766, '22': 1207, '15': 668, '18': 478, '14': 188} {'enode://1@127.0.0.1:1234': 3, 'enode://2@127.0.0.1:1235': -12, 'enode://3@127.0.0.1:1236': 0, 'enode://4@127.0.0.1:1237': 0, 'enode://5@127.0.0.1:1238': 0, 'enode://6@127.0.0.1:1239': 1, 'enode://7@127.0.0.1:1240': -7, 'enode://8@127.0.0.1:1241': 0, 'enode://9@127.0.0.1:1242': -9, 'enode://10@127.0.0.1:1243': -5, 'enode://11@127.0.0.1:1244': 0, 'enode://12@127.0.0.1:1245': 0, 'enode://13@127.0.0.1:1246': 2, 'enode://14@127.0.0.1:1247': -4, 'enode://15@127.0.0.1:1248': -11, 'enode://16@127.0.0.1:1249': 8, 'enode://17@127.0.0.1:1250': -6, 'enode://18@127.0.0.1:1251': -1, 'enode://19@127.0.0.1:1252': 0, 'enode://20@127.0.0.1:1253': -3, 'enode://21@127.0.0.1:1254': -2, 'enode://22@127.0.0.1:1255': -8, 'enode://23@127.0.0.1:1256': -10, 'enode://24@127.0.0.1:1257': 0, 'enode://25@127.0.0.1:1258': 7}
13 1786637480.303 15154 None {'21': 434, '0': 0, '4': 576, '1': 294, '25': 922, '17': 796, '3': 331, '19': 1176, '23': 500, '24': 237, '7': 546, '13': 339, '5': 312, '16': 203, '6': 33, '2': 267, '20': 367, '11': 67, '10': 1476, '12': 434, '9': 2434, '8': 766, '22': 1207, '15': 668, '18': 478, '14': 188} {'enode://1@127.0.0.1:1234': 2, 'enode://2@127.0.0.1:1235': -11, 'enode://3@127.0.0.1:1236': 3, 'enode://4@127.0.0.1:1237': 0, 'enode://5@127.0.0.1:1238': 0, 'enode://6@127.0.0.1:1239': 3, 'enode://7@127.0.0.1:1240': -6, 'enode://8@127.0.0.1:1241': 0, 'enode://9@127.0.0.1:1242': -8, 'enode://10@127.0.0.1:1243': -4, 'enode://11@127.0.0.1:1244': 0, 'enode://12@127.0.0.1:1245': 1, 'enode://13@127.0.0.1:1246': 2, 'enode://14@127.0.0.1:1247': -3, 'enode://15@127.0.0.1:1248': -10, 'enode://16@127.0.0.1:1249': -12, 'enode://17@127.0.0.1:1250': -5, 'enode://18@127.0.0.1:1251': 0, 'enode://19@127.0.0.1:1252': 0, 'enode://20@127.0.0.1:1253': -2, 'enode://21@127.0.0.1:1254': -1, 'enode://22@127.0.0.1:1255': -7, 'enode://23@127.0.0.1:1256': -9, 'enode://24@127.0.0.1:1257': 0, 'enode://25@127.0.0.1:1258': 5}
13 1786637480.304 15323 None {'21': 434, '0': 0, '4': 576, '1': 294, '25': 922, '17': 796, '3': 331, '19': 1176, '23': 500, '24': 237, '7': 546, '13': 339, '5': 312, '16': 233, '6': 33, '2': 267, '20': 367, '11': 67, '10': 1476, '12': 434, '9': 2434, '8': 766, '22': 1207, '15': 668, '18': 478, '14': 188} {'enode://1@127.0.0.1:1234': 0, 'enode://2@127.0.0.1:1235': -10, 'enode://3@127.0.0.1:1236': 5, 'enode://4@127.0.0.1:1237': 0, 'enode://5@127.0.0.1:1238': 0, 'enode://6@127.0.0.1:1239': 3, 'enode://7@127.0.0.1:1240': -5, 'enode://8@127.0.0.1:1241': 0, 'enode://9@127.0.0.1:1242': -7, 'enode://10@127.0.0.1:1243': -3, 'enode://11@127.0.0.1:1244': 0, 'enode://12@127.0.0.1:1245': 1, 'enode://13@127.0.0.1:1246': 4, 'enode://14@127.0.0.1:1247': -2, 'enode://15@127.0.0.1:1248': -9, 'enode://16@127.0.0.1:1249': -11, 'enode://17@127.0.0.1:1250': -4, 'enode://18@127.0.0.1:1251': 0, 'enode://19@127.0.0.1:1252': 0, 'enode://20@127.0.0.1:1253': -1, 'enode://21@127.0.0.1:1254': 0, 'enode://22@127.0.0.1:1255': -6, 'enode://23@127.0.0.1:1256': -8, 'enode://24@127.0.0.1:1257': 0, 'enode://25@127.0.0.1:1258': -12}
13 1786637480.304 15353 None {'21': 434, '0': 0, '4': 576, '1': 294, '25': 1090, '17': 796, '3': 331, '19': 1176, '23': 500, '24': 237, '7': 546, '13': 339, '5': 312, '16': 233, '6': 33, '2': 267, '20': 367, '11': 67, '10': 1476, '12': 434, '9': 2434, '8': 766, '22': 1207, '15': 668, '18': 478, '14': 188} {'enode://1@127.0.0.1:1234': 0, 'enode://2@127.0.0.1:1235': -9, 'enode://3@127.0.0.1:1236': -12, 'enode://4@127.0.0.1:1237': 0, 'enode://5@127.0.0.1:1238': 0, 'enode://6@127.0.0.1:1239': 3, 'enode://7@127.0.0.1:1240': -4, 'enode://8@127.0.0.1:1241': 0, 'enode://9@127.0.0.1:1242': -6, 'enode://10@127.0.0.1:1243': -2, 'enode://11@127.0.0.1:1244': 0, 'enode://12@127.0.0.1:1245': 1, 'enode://13@127.0.0.1:1246': 4, 'enode://14@127.0.0.1:1247': -1, 'enode://15@127.0.0.1:1248': -8, 'enode://16@127.0.0.1:1249': -10, 'enode://17@127.0.0.1:1250': -3, 'enode://18@127.0.0.1:1251': 0, 'enode://19@127.0.0.1:1252': 0, 'enode://20@127.0.0.1:1253': 0, 'enode://21@127.0.0.1:1254': 5, 'enode://22@127.0.0.1:1255': -5, 'enode://23@127.0.0.1:1256': -7, 'enode://24@127.0.0.1:1257': 0, 'enode://25@127.0.0.1:1258': -11}
13 1786637480.304 15438 None {'21': 434, '0': 0, '4': 576, '1': 294, '25': 1090, '17': 796, '3': 360, '19': 1176, '23': 500, '24': 237, '7': 546, '13': 339, '5': 312, '16': 233, '6': 33, '2': 267, '20': 367, '11': 67, '10': 1476, '12': 434, '9': 2434, '8': 766, '22': 1207, '15': 668, '18': 478, '14': 188} {'enode://1@127.0.0.1:1234': 3, 'enode://2@127.0.0.1:1235': -8, 'enode://3@127.0.0.1:1236': -11, 'enode://4@127.0.0.1:1237': 0, 'enode://5@127.0.0.1:1238': 2, 'enode://6@127.0.0.1:1239': 3, 'enode://7@127.0.0.1:1240': -3, 'enode://8@127.0.0.1:1241': 0, 'enode://9@127.0.0.1:1242': -5, 'enode://10@127.0.0.1:1243': -1, 'enode://11@127.0.0.1:1244': 0, 'enode://12@127.0.0.1:1245': 1, 'enode://13@127.0.0.1:1246': 6, 'enode://14@127.0.0.1:1247': 0, 'enode://15@127.0.0.1:1248': -7, 'enode://16@127.0.0.1:1249': -9, 'enode://17@127.0.0.1:1250': -2, 'enode://18@127.0.0.1:1251': 3, 'enode://19@127.0.0.1:1252': 0, 'enode://20@127.0.0.1:1253': 1, 'enode://21@127.0.0.1:1254': -12, 'enode://22@127.0.0.1:1255': -4, 'enode://23@127.0.0.1:1256': -6, 'enode://24@127.0.0.1:1257': 0, 'enode://25@127.0.0.1:1258': -10}
13 1786637480.304 15452 None {'21': 518, '0': 0, '4': 576, '1': 294, '25': 1090, '17': 796, '3': 360, '19': 1176, '23': 500, '24': 237, '7': 546, '13': 339, '5': 312, '16': 233, '6': 33, '2': 267, '20': 367, '11': 67, '10': 1476, '12': 434, '9': 2434, '8': 766, '22': 1207, '15': 668, '18': 478, '14': 188} {'enode://1@127.0.0.1:1234': 3, 'enode://2@127.0.0.1:1235': -7, 'enode://3@127.0.0.1:1236': -10, 'enode://4@127.0.0.1:1237': 0, 'enode://5@127.0.0.1:1238': 2, 'enode://6@127.0.0.1:1239': 2, 'enode://7@127.0.0.1:1240': -2, 'enode://8@127.0.0.1:1241': 0, 'enode://9@127.0.0.1:1242': -4, 'enode://10@127.0.0.1:1243': 0, 'enode://11@127.0.0.1:1244': 0, 'enode://12@127.0.0.1:1245': 1, 'enode://13@127.0.0.1:1246': -12, 'enode://14@127.0.0.1:1247': 3, 'enode://15@127.0.0.1:1248': -6, 'enode://16@127.0.0.1:1249': -8, 'enode://17@127.0.0.1:1250': -1, 'enode://18@127.0.0.1:1251': 3, 'enode://19@127.0.0.1:1252': 0, 'enode://20@127.0.0.1:1253': 0, 'enode://21@127.0.0.1:1254': -11, 'enode://22@127.0.0.1:1255': -3, 'enode://23@127.0.0.1:1256': -5, 'enode://24@127.0.0.1:1257': 0, 'enode://25@127.0.0.1:1258': -9}
13 1786637480.304 15626 None {'21': 518, '0': 0, '4': 576, '1': 294, '25': 1090, '17': 796, '3': 360, '19': 1176, '23': 500, '24': 237, '7': 546, '13': 352, '5': 312, '16': 233, '6': 33, '2': 267, '20': 367, '11': 67, '10': 1476, '12': 434, '9': 2434, '8': 766, '22': 1207, '15': 668, '18': 478, '14': 188} {'enode://1@127.0.0.1:1234': 3, 'enode://2@127.0.0.1:1235': -6, 'enode://3@127.0.0.1:1236': -9, 'enode://4@127.0.0.1:1237': 0, 'enode://5@127.0.0.1:1238': 2, 'enode://6@127.0.0.1:1239': 0, 'enode://7@127.0.0.1:1240': -1, 'enode://8@127.0.0.1:1241': 0, 'enode://9@127.0.0.1:1242': -3, 'enode://10@127.0.0.1:1243': 4, 'enode://11@127.0.0.1:1244': 0, 'enode://12@127.0.0.1:1245': 0, 'enode://13@127.0.0.1:1246': -11, 'enode://14@127.0.0.1:1247': 5, 'enode://15@127.0.0.1:1248': -5, 'enode://16@127.0.0.1:1249': -7, 'enode://17@127.0.0.1:1250': 0, 'enode://18@127.0.0.1:1251': -12, 'enode://19@127.0.0.1:1252': 0, 'enode://20@127.0.0.1:1253': 0, 'enode://21@127.0.0.1:1254': -10, 'enode://22@127.0.0.1:1255': -2, 'enode://23@127.0.0.1:1256': -4, 'enode://24@127.0.0.1:1257': 0, 'enode://25@127.0.0.1:1258': -8}
13 1786637480.304 16377 None {'21': 518, '0': 0, '4': 576, '1': 294, '25': 1090, '17': 796, '3': 360, '19': 1176, '23': 500, '24': 237, '7': 546, '13': 352, '5': 312, '16': 233, '6': 33, '2': 267, '20': 367, '11': 67, '10': 1476, '12': 434, '9': 2434, '8': 766, '22': 1207, '15': 668, '18': 651, '14': 188} {'enode://1@127.0.0.1:1234': 8, 'enode://2@127.0.0.1:1235': -5, 'enode://3@127.0.0.1:1236': -8, 'enode://4@127.0.0.1:1237': 4, 'enode://5@127.0.0.1:1238': 1, 'enode://6@127.0.0.1:1239': 0, 'enode://7@127.0.0.1:1240': 0, 'enode://8@127.0.0.1:1241': 0, 'enode://9@127.0.0.1:1242': -2, 'enode://10@127.0.0.1:1243': 0, 'enode://11@127.0.0.1:1244': 0, 'enode://12@127.0.0.1:1245': 0, 'enode://13@127.0.0.1:1246': -10, 'enode://14@127.0.0.1:1247': 9, 'enode://15@127.0.0.1:1248': -4, 'enode://16@127.0.0.1:1249': -6, 'enode://17@127.0.0.1:1250': 0, 'enode://18@127.0.0.1:1251': -11, 'enode://19@127.0.0.1:1252': 0, 'enode://20@127.0.0.1:1253': -12, 'enode://21@127.0.0.1:1254': -9, 'enode://22@127.0.0.1:1255': -1, 'enode://23@127.0.0.1:1256': -3, 'enode://24@127.0.0.1:1257': 3, 'enode://25@127.0.0.1:1258': -7}
13 1786637480.304 16641 None {'21': 518, '0': 0, '4': 576, '1': 294, '25': 1090, '17': 796, '3': 360, '19': 1176, '23': 500, '24': 237, '7': 546, '13': 352, '5': 312, '16': 233, '6': 33, '2': 267, '20': 1117, '11': 67, '10': 1476, '12': 434, '9': 2434, '8': 766, '22': 1207, '15': 668, '18': 651, '14': 188} {'enode://1@127.0.0.1:1234': -12, 'enode://2@127.0.0.1:1235': -4, 'enode://3@127.0.0.1:1236': -7, 'enode://4@127.0.0.1:1237': 1, 'enode://5@127.0.0.1:1238': 0, 'enode://6@127.0.0.1:1239': 0, 'enode://7@127.0.0.1:1240': 6, 'enode://8@127.0.0.1:1241': 0, 'enode://9@127.0.0.1:1242': -1, 'enode://10@127.0.0.1:1243': 0, 'enode://11@127.0.0.1:1244': 0, 'enode://12@127.0.0.1:1245': 0, 'enode://13@127.0.0.1:1246': -9, 'enode://14@127.0.0.1:1247': 3, 'enode://15@127.0.0.1:1248': -3, 'enode://16@127.0.0.1:1249': -5, 'enode://17@127.0.0.1:1250': 0, 'enode://18@127.0.0.1:1251': -10, 'enode://19@127.0.0.1:1252': 0, 'enode://20@127.0.0.1:1253': -11, 'enode://21@127.0.0.1:1254': -8, 'enode://22@127.0.0.1:1255': 0, 'enode://23@127.0.0.1:1256': -2, 'enode://24@127.0.0.1:1257': 2, 'enode://25@127.0.0.1:1258': -6}
13 1786637480.304 16666 None {'21': 518, '0': 0, '4': 576, '1': 557, '25': 1090, '17': 796, '3': 360, '19': 1176, '23': 500, '24': 237, '7': 546, '13': 352, '5': 312, '16': 233, '6': 33, '2': 267, '20': 1117, '11': 67, '10': 1476, '12': 434, '9': 2434, '8': 766, '22': 1207, '15': 668, '18': 651, '14': 188} {'enode://1@127.0.0.1:1234': -11, 'enode://2@127.0.0.1:1235': -3, 'enode://3@127.0.0.1:1236': -6, 'enode://4@127.0.0.1:1237': 0, 'enode://5@127.0.0.1:1238': 0, 'enode://6@127.0.0.1:1239': 0, 'enode://7@127.0.0.1:1240': -12, 'enode://8@127.0.0.1:1241': 0, 'enode://9@127.0.0.1:1242': 0, 'enode://10@127.0.0.1:1243': 0, 'enode://11@127.0.0.1:1244': 0, 'enode://12@127.0.0.1:1245': 0, 'enode://13@127.0.0.1:1246': -8, 'enode://14@127.0.0.1:1247': 0, 'enode://15@127.0.0.1:1248': -2, 'enode://16@127.0.0.1:1249': -4, 'enode://17@127.0.0.1:1250': 0, 'enode://18@127.0.0.1:1251': -9, 'enode://19@127.0.0.1:1252': 0, 'enode://20@127.0.0.1:1253': -10, 'enode://21@127.0.0.1:1254': -7, 'enode://22@127.0.0.1:1255': 1, 'enode://23@127.0.0.1:1256': -1, 'enode://24@127.0.0.1:1257': 1, 'enode://25@127.0.0.1:1258': -5}
13 1786637480.304 17402 None {'21': 518, '0': 0, '4': 576, '1': 557, '25': 1090, '17': 796, '3': 360, '19': 1176, '23': 500, '24': 237, '7': 570, '13': 352, '5': 312, '16': 233, '6': 33, '2': 267, '20': 1117, '11': 67, '10': 1476, '12': 434, '9': 2434, '8': 766, '22': 1207, '15': 668, '18': 651, '14': 188} {'enode://1@127.0.0.1:1234': -10, 'enode://2@127.0.0.1:1235': -2, 'enode://3@127.0.0.1:1236': -5, 'enode://4@127.0.0.1:1237': 0, 'enode://5@127.0.0.1:1238': 0, 'enode://6@127.0.0.1:1239': 2, 'enode://7@127.0.0.1:1240': -11, 'enode://8@127.0.0.1:1241': 0, 'enode://9@127.0.0.1:1242': 2, 'enode://10@127.0.0.1:1243': 3, 'enode://11@127.0.0.1:1244': 3, 'enode://12@127.0.0.1:1245': 1, 'enode://13@127.0.0.1:1246': -7, 'enode://14@127.0.0.1:1247': 0, 'enode://15@127.0.0.1:1248': -1, 'enode://16@127.0.0.1:1249': -3, 'enode://17@127.0.0.1:1250': 0, 'enode://18@127.0.0.1:1251': -8, 'enode://19@127.0.0.1:1252': 0, 'enode://20@127.0.0.1:1253': -9, 'enode://21@127.0.0.1:1254': -6, 'enode://22@127.0.0.1:1255': -12, 'enode://23@127.0.0.1:1256': 0, 'enode://24@127.0.0.1:1257': 1, 'enode://25@127.0.0.1:1258': -4}
13 1786637480.304 17475 None {'21': 518, '0': 0, '4': 576, '1': 557, '25': 1090, '17': 796, '3': 360, '19': 1176, '23': 500, '24': 237, '7': 570, '13': 352, '5': 312, '16': 233, '6': 33, '2': 267, '20': 1117, '11': 67, '10': 1476, '12': 434, '9': 2434, '8': 766, '22': 1942, '15': 668, '18': 651, '14': 188} {'enode://1@127.0.0.1:1234': -9, 'enode://2@127.0.0.1:1235': -1, 'enode://3@127.0.0.1:1236': -4, 'enode://4@127.0.0.1:1237': 0, 'enode://5@127.0.0.1:1238': 0, 'enode://6@127.0.0.1:1239': 4, 'enode://7@127.0.0.1:1240': -10, 'enode://8@127.0.0.1:1241': 0, 'enode://9@127.0.0.1:1242': 2, 'enode://10@127.0.0.1:1243': 3, 'enode://11@127.0.0.1:1244': -12, 'enode://12@127.0.0.1:1245': 3, 'enode://13@127.0.0.1:1246': -6, 'enode://14@127.0.0.1:1247': 0, 'enode://15@127.0.0.1:1248': 0, 'enode://16@127.0.0.1:1249': -2, 'enode://17@127.0.0.1:1250': 0, 'enode://18@127.0.0.1:1251': -7, 'enode://19@127.0.0.1:1252': 0, 'enode://20@127.0.0.1:1253': -8, 'enode://21@127.0.0.1:1254': -5, 'enode://22@127.0.0.1:1255': -11, 'enode://23@127.0.0.1:1256': 0, 'enode://24@127.0.0.1:1257': 0, 'enode://25@127.0.0.1:1258': -3}
13 1786637480.305 17678 None {'21': 518, '0': 0, '4': 576, '1': 557, '25': 1090, '17': 796, '3': 360, '19': 1176, '23': 500, '24': 237, '7': 570, '13': 352, '5': 312, '16': 233, '6': 33, '2': 267, '20': 1117, '11': 139, '10': 1476, '12': 434, '9': 2434, '8': 766, '22': 1942, '15': 668, '18': 651, '14': 188} {'enode://1@127.0.0.1:1234': -8, 'enode://2@127.0.0.1:1235': 0, 'enode://3@127.0.0.1:1236': -3, 'enode://4@127.0.0.1:1237': 0, 'enode://5@127.0.0.1:1238': 0, 'enode://6@127.0.0.1:1239': -12, 'enode://7@127.0.0.1:1240': -9, 'enode://8@127.0.0.1:1241': 0, 'enode://9@127.0.0.1:1242': 3, 'enode://10@127.0.0.1:1243': 3, 'enode://11@127.0.0.1:1244': -11, 'enode://12@127.0.0.1:1245': 2, 'enode://13@127.0.0.1:1246': -5, 'enode://14@127.0.0.1:1247': 0, 'enode://15@127.0.0.1:1248': 6, 'enode://16@127.0.0.1:1249': -1, 'enode://17@127.0.0.1:1250': 0, 'enode://18@127.0.0.1:1251': -6, 'enode://19@127.0.0.1:1252': 0, 'enode://20@127.0.0.1:1253': -7, 'enode://21@127.0.0.1:1254': -4, 'enode://22@127.0.0.1:1255': -10, 'enode://23@127.0.0.1:1256': 4, 'enode://24@127.0.0.1:1257': 0, 'enode://25@127.0.0.1:1258': -2}
13 1786637480.305 17872 None {'21': 518, '0': 0, '4': 576, '1': 557, '25': 1090, '17': 796, '3': 360, '19': 1176, '23': 500, '24': 237, '7': 570, '13': 352, '5': 312, '16': 233, '6': 235, '2': 267, '20': 1117, '11': 139, '10': 1476, '12': 434, '9': 2434, '8': 766, '22': 1942, '15': 668, '18': 651, '14': 188} {'enode://1@127.0.0.1:1234': -7, 'enode://2@127.0.0.1:1235': 6, 'enode://3@127.0.0.1:1236': -2, 'enode://4@127.0.0.1:1237': 0, 'enode://5@127.0.0.1:1238': 0, 'enode://6@127.0.0.1:1239': -11, 'enode://7@127.0.0.1:1240': -8, 'enode://8@127.0.0.1:1241': 0, 'enode://9@127.0.0.1:1242': 5, 'enode://10@127.0.0.1:1243': 5, 'enode://11@127.0.0.1:1244': -10, 'enode://12@127.0.0.1:1245': 2, 'enode://13@127.0.0.1:1246': -4, 'enode://14@127.0.0.1:1247': 0, 'enode://15@127.0.0.1:1248': -12, 'enode://16@127.0.0.1:1249': 0, 'enode://17@127.0.0.1:1250': 0, 'enode://18@127.0.0.1:1251': -5, 'enode://19@127.0.0.1:1252': 0, 'enode://20@127.0.0.1:1253': -6, 'enode://21@127.0.0.1:1254': -3, 'enode://22@127.0.0.1:1255': -9, 'enode://23@127.0.0.1:1256': 6, 'enode://24@127.0.0.1:1257': 0, 'enode://25@127.0.0.1:1258': -1}
13 1786637480.305 17982 None {'21': 518, '0': 0, '4': 576, '1': 557, '25': 1090, '17': 796, '3': 360, '19': 1176, '23': 500, '24': 237, '7': 570, '13': 352, '5': 312, '16': 233, '6': 235, '2': 267, '20': 1117, '11': 139, '10': 1476, '12': 434, '9': 2434, '8': 766, '22': 1942, '15': 861, '18': 651, '14': 188} {'enode://1@127.0.0.1:1234': -6, 'enode://2@127.0.0.1:1235': 7, 'enode://3@127.0.0.1:1236': -1, 'enode://4@127.0.0.1:1237': 0, 'enode://5@127.0.0.1:1238': 0, 'enode://6@127.0.0.1:1239': -10, 'enode://7@127.0.0.1:1240': -7, 'enode://8@127.0.0.1:1241': 0, 'enode://9@127.0.0.1:1242': 5, 'enode://10@127.0.0.1:1243': 5, 'enode://11@127.0.0.1:1244': -9, 'enode://12@127.0.0.1:1245': 2, 'enode://13@127.0.0.1:1246': -3, 'enode://14@127.0.0.1:1247': 0, 'enode://15@127.0.0.1:1248': -11, 'enode://16@127.0.0.1:1249': 4, 'enode://17@127.0.0.1:1250': 0, 'enode://18@127.0.0.1:1251': -4, 'enode://19@127.0.0.1:1252': 0, 'enode://20@127.0.0.1:1253': -5, 'enode://21@127.0.0.1:1254': -2, 'enode://22@127.0.0.1:1255': -8, 'enode://23@127.0.0.1:1256': -12, 'enode://24@127.0.0.1:1257': 0, 'enode://25@127.0.0.1:1258': 0}
13 1786637480.305 18040 None {'21': 518, '0': 0, '4': 576, '1': 557, '25': 1090, '17': 796, '3': 360, '19': 1176, '23': 609, '24': 237, '7': 570, '13': 352, '5': 312, '16': 233, '6': 235, '2': 267, '20': 1117, '11': 139, '10': 1476, '12': 434, '9': 2434, '8': 766, '22': 1942, '15': 861, '18': 651, '14': 188} {'enode://1@127.0.0.1:1234': -5, 'enode://2@127.0.0.1:1235': -12, 'enode://3@127.0.0.1:1236': 0, 'enode://4@127.0.0.1:1237': 0, 'enode://5@127.0.0.1:1238': 0, 'enode://6@127.0.0.1:1239': -9, 'enode://7@127.0.0.1:1240': -6, 'enode://8@127.0.0.1:1241': 0, 'enode://9@127.0.0.1:1242': 6, 'enode://10@127.0.0.1:1243': 5, 'enode://11@127.0.0.1:1244': -8, 'enode://12@127.0.0.1:1245': 1, 'enode://13@127.0.0.1:1246': -2, 'enode://14@127.0.0.1:1247': 0, 'enode://15@127.0.0.1:1248': -10, 'enode://16@127.0.0.1:1249': 4, 'enode://17@127.0.0.1:1250': 0, 'enode://18@127.0.0.1:1251': -3, 'enode://19@127.0.0.1:1252': 0, 'enode://20@127.0.0.1:1253': -4, 'enode://21@127.0.0.1:1254': -1, 'enode://22@127.0.0.1:1255': -7, 'enode://23@127.0.0.1:1256': -11, 'enode://24@127.0.0.1:1257': 0, 'enode://25@127.0.0.1:1258': 6}
13 1786637480.305 18093 None {'21': 518, '0': 0, '4': 576, '1': 557, '25': 1090, '17': 796, '3': 360, '19': 1176, '23': 609, '24': 237, '7': 570, '13': 352, '5': 312, '16': 233, '6': 235, '2': 324, '20': 1117, '11': 139, '10': 1476, '12': 434, '9': 2434, '8': 766, '22': 1942, '15': 861, '18': 651, '14': 188} {'enode://1@127.0.0.1:1234': -4, 'enode://2@127.0.0.1:1235': -11, 'enode://3@127.0.0.1:1236': 5, 'enode://4@127.0.0.1:1237': 0, 'enode://5@127.0.0.1:1238': 0, 'enode://6@127.0.0.1:1239': -8, 'enode://7@127.0.0.1:1240': -5, 'enode://8@127.0.0.1:1241': 0, 'enode://9@127.0.0.1:1242': 6, 'enode://10@127.0.0.1:1243': 5, 'enode://11@127.0.0.1:1244': -7, 'enode://12@127.0.0.1:1245': 0, 'enode://13@127.0.0.1:1246': -1, 'enode://14@127.0.0.1:1247': 0, 'enode://15@127.0.0.1:1248': -9, 'enode://16@127.0.0.1:1249': 3, 'enode://17@127.0.0.1:1250': 0, 'enode://18@127.0.0.1:1251': -2, 'enode://19@127.0.0.1:1252': 0, 'enode://20@127.0.0.1:1253': -3, 'enode://21@127.0.0.1:1254': 0, 'enode://22@127.0.0.1:1255': -6, 'enode://23@127.0.0.1:1256': -10, 'enode://24@127.0.0.1:1257': 0, 'enode://25@127.0.0.1:1258': -12}
13 1786637480.305 18243 None {'21': 518, '0': 0, '4': 576, '1': 557, '25': 1142, '17': 796, '3': 360, '19': 1176, '23': 609, '24': 237, '7': 570, '13': 352, '5': 312, '16': 233, '6': 235, '2': 324, '20': 1117, '11': 139, '10': 1476, '12': 434, '9': 2434, '8': 766, '22': 1942, '15': 861, '18': 651, '14': 188} {'enode://1@127.0.0.1:1234': -3, 'enode://2@127.0.0.1:1235': -10, 'enode://3@127.0.0.1:1236': 5, 'enode://4@127.0.0.1:1237': 2, 'enode://5@127.0.0.1:1238': 0, 'enode://6@127.0.0.1:1239': -7, 'enode://7@127.0.0.1:1240': -4, 'enode://8@127.0.0.1:1241': 0, 'enode://9@127.0.0.1:1242': -12, 'enode://10@127.0.0.1:1243': 5, 'enode://11@127.0.0.1:1244': -6, 'enode://12@127.0.0.1:1245': 0, 'enode://13@127.0.0.1:1246': 0, 'enode://14@127.0.0.1:1247': 0, 'enode://15@127.0.0.1:1248': -8, 'enode://16@127.0.0.1:1249': 3, 'enode://17@127.0.0.1:1250': 0, 'enode://18@127.0.0.1:1251': -1, 'enode://19@127.0.0.1:1252': 0, 'enode://20@127.0.0.1:1253': -2, 'enode://21@127.0.0.1:1254': 6, 'enode://22@127.0.0.1:1255': -5, 'enode://23@127.0.0.1:1256': -9, 'enode://24@127.0.0.1:1257': 4, 'enode://25@127.0.0.1:1258': -11}
13 1786637480.305 18378 None {'21': 518, '0': 0, '4': 576, '1': 557, '25': 1142, '17': 796, '3': 360, '19': 1176, '23': 609, '24': 237, '7': 570, '13': 352, '5': 312, '16': 233, '6': 235, '2': 324, '20': 1117, '11': 139, '10': 1476, '12': 434, '9': 2583, '8': 766, '22': 1942, '15': 861, '18': 651, '14': 188} {'enode://1@127.0.0.1:1234': -2, 'enode://2@127.0.0.1:1235': -9, 'enode://3@127.0.0.1:1236': 5, 'enode://4@127.0.0.1:1237': 2, 'enode://5@127.0.0.1:1238': 0, 'enode://6@127.0.0.1:1239': -6, 'enode://7@127.0.0.1:1240': -3, 'enode://8@127.0.0.1:1241': 0, 'enode://9@127.0.0.1:1242': -11, 'enode://10@127.0.0.1:1243': 5, 'enode://11@127.0.0.1:1244': -5, 'enode://12@127.0.0.1:1245': 0, 'enode://13@127.0.0.1:1246': 3, 'enode://14@127.0.0.1:1247': 0, 'enode://15@127.0.0.1:1248': -7, 'enode://16@127.0.0.1:1249': 3, 'enode://17@127.0.0.1:1250': 0, 'enode://18@127.0.0.1:1251': 0, 'enode://19@127.0.0.1:1252': 1, 'enode://20@127.0.0.1:1253': -1, 'enode://21@127.0.0.1:1254': -12, 'enode://22@127.0.0.1:1255': -4, 'enode://23@127.0.0.1:1256': -8, 'enode://24@127.0.0.1:1257': 3, 'enode://25@127.0.0.1:1258': -10}
13 1786637480.305 18542 None {'21': 652, '0': 0, '4': 576, '1': 557, '25': 1142, '17': 796, '3': 360, '19': 1176, '23': 609, '24': 237, '7': 570, '13': 352, '5': 312, '16': 233, '6': 235, '2': 324, '20': 1117, '11': 139, '10': 1476, '12': 434, '9': 2583, '8': 766, '22': 1942, '15': 861, '18': 651, '14': 188} {'enode://1@127.0.0.1:1234': -1, 'enode://2@127.0.0.1:1235': -8, 'enode://3@127.0.0.1:1236': -12, 'enode://4@127.0.0.1:1237': 2, 'enode://5@127.0.0.1:1238': 0, 'enode://6@127.0.0.1:1239': -5, 'enode://7@127.0.0.1:1240': -2, 'enode://8@127.0.0.1:1241': 0, 'enode://9@127.0.0.1:1242': -10, 'enode://10@127.0.0.1:1243': 4, 'enode://11@127.0.0.1:1244': -4, 'enode://12@127.0.0.1:1245': 0, 'enode://13@127.0.0.1:1246': 1, 'enode://14@127.0.0.1:1247': 0, 'enode://15@127.0.0.1:1248': -6, 'enode://16@127.0.0.1:1249': 3, 'enode://17@127.0.0.1:1250': 0, 'enode://18@127.0.0.1:1251': 2, 'enode://19@127.0.0.1:1252': 1, 'enode://20@127.0.0.1:1253': 0, 'enode://21@127.0.0.1:1254': -11, 'enode://22@127.0.0.1:1255': -3, 'enode://23@127.0.0.1:1256': -7, 'enode://24@127.0.0.1:1257': 2, 'enode://25@127.0.0.1:1258': -9}
13 1786637480.305 18596 None {'21': 652, '0': 0, '4': 576, '1': 557, '25': 1142, '17': 796, '3': 523, '19': 1176, '23': 609, '24': 237, '7': 570, '13': 352, '5': 312, '16': 233, '6': 235, '2': 324, '20': 1117, '11': 139, '10': 1476, '12': 434, '9': 2583, '8': 766, '22': 1942, '15': 861, '18': 651, '14': 188} {'enode://1@127.0.0.1:1234': 0, 'enode://2@127.0.0.1:1235': -7, 'enode://3@127.0.0.1:1236': -11, 'enode://4@127.0.0.1:1237': 0, 'enode://5@127.0.0.1:1238': 0, 'enode://6@127.0.0.1:1239': -4, 'enode://7@127.0.0.1:1240': -1, 'enode://8@127.0.0.1:1241': 0, 'enode://9@127.0.0.1:1242': -9, 'enode://10@127.0.0.1:1243': -12, 'enode://11@127.0.0.1:1244': -3, 'enode://12@127.0.0.1:1245': 0, 'enode://13@127.0.0.1:1246': 0, 'enode://14@127.0.0.1:1247': 0, 'enode://15@127.0.0.1:1248': -5, 'enode://16@127.0.0.1:1249': 3, 'enode://17@127.0.0.1:1250': 0, 'enode://18@127.0.0.1:1251': 2, 'enode://19@127.0.0.1:1252': 0, 'enode://20@127.0.0.1:1253': 6, 'enode://21@127.0.0.1:1254': -10, 'enode://22@127.0.0.1:1255': -2, 'enode://23@127.0.0.1:1256': -6, 'enode://24@127.0.0.1:1257': 0, 'enode://25@127.0.0.1:1258': -8}
13 1786637480.305 18700 None {'21': 652, '0': 0, '4': 576, '1': 557, '25': 1142, '17': 796, '3': 523, '19': 1176, '23': 609, '24': 237, '7': 570, '13': 352, '5': 312, '16': 233, '6': 235, '2': 324, '20': 1117, '11': 139, '10': 1529, '12': 434, '9': 2583, '8': 766, '22': 1942, '15': 861, '18': 651, '14': 188} {'enode://1@127.0.0.1:1234': 4, 'enode://2@127.0.0.1:1235': -6, 'enode://3@127.0.0.1:1236': -10, 'enode://4@127.0.0.1:1237': 0, 'enode://5@127.0.0.1:1238': 0, 'enode://6@127.0.0.1:1239': -3, 'enode://7@127.0.0.1:1240': 0, 'enode://8@127.0.0.1:1241': 0, 'enode://9@127.0.0.1:1242': -8, 'enode://10@127.0.0.1:1243': -11, 'enode://11@127.0.0.1:1244': -2, 'enode://12@127.0.0.1:1245': 0, 'enode://13@127.0.0.1:1246': 0, 'enode://14@127.0.0.1:1247': 0, 'enode://15@127.0.0.1:1248': -4, 'enode://16@127.0.0.1:1249': 3, 'enode://17@127.0.0.1:1250': 0, 'enode://18@127.0.0.1:1251': 2, 'enode://19@127.0.0.1:1252': 0, 'enode://20@127.0.0.1:1253': -12, 'enode://21@127.0.0.1:1254': -9, 'enode://22@127.0.0.1:1255': -1, 'enode://23@127.0.0.1:1256': -5, 'enode://24@127.0.0.1:1257': 0, 'enode://25@127.0.0.1:1258': -7}
13 1786637480.305 18788 None {'21': 652, '0': 0, '4': 576, '1': 557, '25': 1142, '17': 796, '3': 523, '19': 1176, '23': 609, '24': 237, '7': 570, '13': 352, '5': 312, '16': 233, '6': 235, '2': 324, '20': 1220, '11': 139, '10': 1529, '12': 434, '9': 2583, '8': 766, '22': 1942, '15': 861, '18': 651, '14': 188} {'enode://1@127.0.0.1:1234': 0, 'enode://2@127.0.0.1:1235': -5, 'enode://3@127.0.0.1:1236': -9, 'enode://4@127.0.0.1:1237': 0, 'enode://5@127.0.0.1:1238': 0, 'enode://6@127.0.0.1:1239': -2, 'enode://7@127.0.0.1:1240': 0, 'enode://8@127.0.0.1:1241': 0, 'enode://9@127.0.0.1:1242': -7, 'enode://10@127.0.0.1:1243': -10, 'enode://11@127.0.0.1:1244': -1, 'enode://12@127.0.0.1:1245': 0, 'enode://13@127.0.0.1:1246': 0, 'enode://14@127.0.0.1:1247': 0, 'enode://15@127.0.0.1:1248': -3, 'enode://16@127.0.0.1:1249': -12, 'enode://17@127.0.0.1:1250': 0, 'enode://18@127.0.0.1:1251': 0, 'enode://19@127.0.0.1:1252': 0, 'enode://20@127.0.0.1:1253': -11, 'enode://21@127.0.0.1:1254': -8, 'enode://22@127.0.0.1:1255': 0, 'enode://23@127.0.0.1:1256': -4, 'enode://24@127.0.0.1:1257': 0, 'enode://25@127.0.0.1:1258': -6}
13 1786637480.305 19558 None {'21': 652, '0': 0, '4': 576, '1': 557, '25': 1142, '17': 796, '3': 523, '19': 1176, '23': 609, '24': 237, '7': 570, '13': 352, '5': 312, '16': 320, '6': 235, '2': 324, '20': 1220, '11': 139, '10': 1529, '12': 434, '9': 2583, '8': 766, '22': 1942, '15': 861, '18': 651, '14': 188} {'enode://1@127.0.0.1:1234': 2, 'enode://2@127.0.0.1:1235': -4, 'enode://3@127.0.0.1:1236': -8, 'enode://4@127.0.0.1:1237': 0, 'enode://5@127.0.0.1:1238': 0, 'enode://6@127.0.0.1:1239': -1, 'enode://7@127.0.0.1:1240': -12, 'enode://8@127.0.0.1:1241': 0, 'enode://9@127.0.0.1:1242': -6, 'enode://10@127.0.0.1:1243': -9, 'enode://11@127.0.0.1:1244': 0, 'enode://12@127.0.0.1:1245': 5, 'enode://13@127.0.0.1:1246': 4, 'enode://14@127.0.0.1:1247': 3, 'enode://15@127.0.0.1:1248': -2, 'enode://16@127.0.0.1:1249': -11, 'enode://17@127.0.0.1:1250': 0, 'enode://18@127.0.0.1:1251': 1, 'enode://19@127.0.0.1:1252': 3, 'enode://20@127.0.0.1:1253': -10, 'enode://21@127.0.0.1:1254': -7, 'enode://22@127.0.0.1:1255': 1, 'enode://23@127.0.0.1:1256': -3, 'enode://24@127.0.0.1:1257': 1, 'enode://25@127.0.0.1:1258': -5}
13 1786637480.305 19735 None {'21': 652, '0': 0, '4': 576, '1': 557, '25': 1142, '17': 796, '3': 523, '19': 1176, '23': 609, '24': 237, '7': 1339, '13': 352, '5': 312, '16': 320, '6': 235, '2': 324, '20': 1220, '11': 139, '10': 1529, '12': 434, '9': 2583, '8': 766, '22': 1942, '15': 861, '18': 651, '14': 188} {'enode://1@127.0.0.1:1234': 0, 'enode://2@127.0.0.1:1235': -3, 'enode://3@127.0.0.1:1236': -7, 'enode://4@127.0.0.1:1237': 0, 'enode://5@127.0.0.1:1238': 0, 'enode://6@127.0.0.1:1239': 0, 'enode://7@127.0.0.1:1240': -11, 'enode://8@127.0.0.1:1241': 0, 'enode://9@127.0.0.1:1242': -5, 'enode://10@127.0.0.1:1243': -8, 'enode://11@127.0.0.1:1244': 0, 'enode://12@127.0.0.1:1245': 0, 'enode://13@127.0.0.1:1246': -12, 'enode://14@127.0.0.1:1247': 0, 'enode://15@127.0.0.1:1248': -1, 'enode://16@127.0.0.1:1249': -10, 'enode://17@127.0.0.1:1250': 0, 'enode://18@127.0.0.1:1251': 0, 'enode://19@127.0.0.1:1252': 1, 'enode://20@127.0.0.1:1253': -9, 'enode://21@127.0.0.1:1254': -6, 'enode://22@127.0.0.1:1255': 0, 'enode://23@127.0.0.1:1256': -2, 'enode://24@127.0.0.1:1257': 0, 'enode://25@127.0.0.1:1258': -4}
