ID TIME HEIGHT MINER BLOCK TIMESTAMP TELAPSED RECEPTION SIZE_KB TXS DIFF TDIFF HASH PHASH
16 1787209234.245 0 0 0 0 0 0 0.046875 0 0 0 81fb8017bc8e25abebf9587dfca5e4ec591f02f42d16180fdf3b6fc7cd0480b9 0
16 1787209234.245 1 enode://21@127.0.0.1:1254 1 10 54 64 0.046875 0 1 1 a85071b5217b952f6d3ce72d97a6f01b9b1e90f797ca18bb401165b0b6a9caff 81fb8017bc8e25abebf9587dfca5e4ec591f02f42d16180fdf3b6fc7cd0480b9
16 1787209234.245 2 enode://23@127.0.0.1:1256 2 45 40 85 0.046875 78 1 2 51e6754ec58e24985d96af2e5aa8a292785ecd2feea6eb349a66b0130cd691f1 a85071b5217b952f6d3ce72d97a6f01b9b1e90f797ca18bb401165b0b6a9caff
16 1787209234.245 3 enode://8@127.0.0.1:1241 3 85 168 253 0.046875 98 8 10 1ff5f628bbced17edee308517df39ce84f894fbc8d6e0f22a716e7e88422f59a 51e6754ec58e24985d96af2e5aa8a292785ecd2feea6eb349a66b0130cd691f1
16 1787209234.245 4 enode://11@127.0.0.1:1244 4 120 133 253 0.046875 48 9 19 3d039254ae8263d68a4e73dcd807f4b6164fc0b3bf544838ef68f6ba6dcb9611 1ff5f628bbced17edee308517df39ce84f894fbc8d6e0f22a716e7e88422f59a
16 1787209234.245 5 enode://14@127.0.0.1:1247 5 130 123 253 0.046875 85 10 29 90db1abf3e1045ff06eb2e13ac95529fc9039d6c291963a240a8efebc7a15c65 3d039254ae8263d68a4e73dcd807f4b6164fc0b3bf544838ef68f6ba6dcb9611
16 1787209234.245 6 enode://18@127.0.0.1:1251 6 148 462 610 0.046875 0 10 39 a9a996242d503ffd718d66fcc2a117a872da515c4cff5efa4665dba021505594 90db1abf3e1045ff06eb2e13ac95529fc9039d6c291963a240a8efebc7a15c65
16 1787209234.245 7 enode://20@127.0.0.1:1253 7 158 452 610 0.046875 5 9 48 837cf66c2c30066ded4ae0e2f51fae4d2476f30d513466d9ffa6c42cc334fe04 a9a996242d503ffd718d66fcc2a117a872da515c4cff5efa4665dba021505594
16 1787209234.245 8 enode://1@127.0.0.1:1234 8 169 441 610 0.046875 26 8 56 92353bb3041bbc48f415b800bcb9f53b15243dca416f0f85025313de2135b4f5 837cf66c2c30066ded4ae0e2f51fae4d2476f30d513466d9ffa6c42cc334fe04
16 1787209234.245 9 enode://5@127.0.0.1:1238 9 179 431 610 0.046875 10 8 64 5b6dc3853b11a2aa6e0f18d2b249cf7095a3c7654f5058017a6743d7d340677c 92353bb3041bbc48f415b800bcb9f53b15243dca416f0f85025313de2135b4f5
16 1787209234.245 10 enode://17@127.0.0.1:1250 10 190 420 610 0.046875 77 7 71 bb9376c8a12f60f41af8f614b3acce52a4ae523720f092a5d7e5660c748410b9 5b6dc3853b11a2aa6e0f18d2b249cf7095a3c7654f5058017a6743d7d340677c
16 1787209234.245 11 enode://9@127.0.0.1:1242 11 211 399 610 0.046875 50 8 79 42be5ac54de0a4a50b256ac740872399853557d26b8d8a8fe2d63488e8fafd50 bb9376c8a12f60f41af8f614b3acce52a4ae523720f092a5d7e5660c748410b9
16 1787209234.245 12 enode://3@127.0.0.1:1236 12 232 378 610 0.046875 1 7 86 c9b71c68ea15cede45d04b569fe461779e39987dba44001f208e7dbcadb69707 42be5ac54de0a4a50b256ac740872399853557d26b8d8a8fe2d63488e8fafd50
16 1787209234.245 13 enode://7@127.0.0.1:1240 13 253 357 610 0.046875 13 5 91 fe90ec9b2234d4b4f0ae04071add70a0e63340a60cf75561c87f5529af885a53 c9b71c68ea15cede45d04b569fe461779e39987dba44001f208e7dbcadb69707
16 1787209234.245 14 enode://13@127.0.0.1:1246 14 338 272 610 0.046875 45 1 92 ebe588e55937cebb1b0a8e1aae22b3a3d137bc87849dad324db8fb31eeafa3d6 fe90ec9b2234d4b4f0ae04071add70a0e63340a60cf75561c87f5529af885a53
16 1787209234.246 15 enode://4@127.0.0.1:1237 15 358 252 610 0.046875 0 5 97 585e3595b2bebfd8890b46e01746a82b7cdc4ea03181c8c0db62854f41887fe9 ebe588e55937cebb1b0a8e1aae22b3a3d137bc87849dad324db8fb31eeafa3d6
16 1787209234.246 16 enode://21@127.0.0.1:1254 16 443 167 610 0.046875 148 1 98 ad81183dc8dfd7f5c7d5b446ef8fa0bd82ced00a04d7c75c82bd9d11c06b3848 585e3595b2bebfd8890b46e01746a82b7cdc4ea03181c8c0db62854f41887fe9
16 1787209234.246 17 enode://19@127.0.0.1:1252 17 478 132 610 0.046875 16 5 103 fb75da09386983c0e54ed4e0859441353eeeb551e6af110c2709bc37c5306712 ad81183dc8dfd7f5c7d5b446ef8fa0bd82ced00a04d7c75c82bd9d11c06b3848
16 1787209234.246 18 enode://10@127.0.0.1:1243 18 505 105 610 0.046875 86 4 107 c4562a5da709d1d81359f079fc16c96bf0409801537b8bf16579c59ba4658869 fb75da09386983c0e54ed4e0859441353eeeb551e6af110c2709bc37c5306712
16 1787209234.246 19 enode://2@127.0.0.1:1235 19 589 21 610 0.046875 246 3 110 f9c48eb1c9da25ac26995cd53485041300ae108c8bb07b420888603b6a26c2da c4562a5da709d1d81359f079fc16c96bf0409801537b8bf16579c59ba4658869
16 1787209234.246 20 enode://6@127.0.0.1:1239 20 599 11 610 0.046875 0 6 116 41f27ddfbb9fd30a9ef2cc7b395cc474658bc7da3fe9e570f2caf5a6f7e3672c f9c48eb1c9da25ac26995cd53485041300ae108c8bb07b420888603b6a26c2da
16 1787209234.246 21 enode://11@127.0.0.1:1244 21 709 111 820 0.046875 289 2 118 569859b02e8429436e1446bd30ea54c59a86dc3dac4dc860a9bcbda44bcd8416 41f27ddfbb9fd30a9ef2cc7b395cc474658bc7da3fe9e570f2caf5a6f7e3672c
16 1787209234.246 22 enode://1@127.0.0.1:1234 22 719 101 820 0.046875 17 11 129 47e516d7288ef19105a204e1e181f31288d7ac586088f06d6dea1c84a023d7bc 569859b02e8429436e1446bd30ea54c59a86dc3dac4dc860a9bcbda44bcd8416
16 1787209234.246 23 enode://14@127.0.0.1:1247 23 757 63 820 0.046875 104 8 137 d88d444c753f0335c0d7d6f59808992f2dc387881fc2394627756a81fdd77468 47e516d7288ef19105a204e1e181f31288d7ac586088f06d6dea1c84a023d7bc
16 1787209234.246 24 enode://24@127.0.0.1:1257 24 767 53 820 0.046875 0 8 145 3aefaf664fe324344569387e00ecbac04f4d469826c129b17abf5e60ee09ff1f d88d444c753f0335c0d7d6f59808992f2dc387881fc2394627756a81fdd77468
16 1787209234.246 25 enode://18@127.0.0.1:1251 25 778 42 820 0.046875 0 7 152 5ee1ec7179e9593e72b1eb4ea51588de70bf1431bbb4524d998a63646f00575f 3aefaf664fe324344569387e00ecbac04f4d469826c129b17abf5e60ee09ff1f
16 1787209234.246 26 enode://5@127.0.0.1:1238 26 813 7 820 0.046875 98 4 156 65a00703b43bb0c301120be24a166487742ae0b133a47840635aff947b8d1430 5ee1ec7179e9593e72b1eb4ea51588de70bf1431bbb4524d998a63646f00575f
16 1787209234.246 27 enode://7@127.0.0.1:1240 27 823 18 841 0.046875 113 5 161 ef55b7c0271a283d1090b205312cae7bc1a348abacb0785e97d0bbe4ba742b6f 65a00703b43bb0c301120be24a166487742ae0b133a47840635aff947b8d1430
16 1787209234.246 28 enode://13@127.0.0.1:1246 28 841 21 862 0.046875 59 8 169 5a0253d315eff89cd30366d3e4a464315d9649086e57842d7922e02c3f06dc6c ef55b7c0271a283d1090b205312cae7bc1a348abacb0785e97d0bbe4ba742b6f
16 1787209234.246 29 enode://4@127.0.0.1:1237 29 862 21 883 0.046875 12 6 175 ee9923ee15505fef317ae02e35a34bad8c6e18510991a737b829169c999a0730 5a0253d315eff89cd30366d3e4a464315d9649086e57842d7922e02c3f06dc6c
16 1787209234.246 30 enode://8@127.0.0.1:1241 30 904 42 946 0.046875 188 5 180 f5d522bfd0cb54d5c1462270905487277409155be3d086927aaaeee9b83c7eb5 ee9923ee15505fef317ae02e35a34bad8c6e18510991a737b829169c999a0730
16 1787209234.247 31 enode://9@127.0.0.1:1242 31 925 21 946 0.046875 106 9 189 1ae22fbdbc296d78e77b6f27c012f42c1b7db36c21f352920bcb5e717b21f9d6 f5d522bfd0cb54d5c1462270905487277409155be3d086927aaaeee9b83c7eb5
16 1787209234.247 32 enode://25@127.0.0.1:1258 32 935 11 946 0.046875 5 9 198 192f38fe153a5b5fa5c836925ef221ebfa71b658dbbf1cdd55c9591a2efb55ef 1ae22fbdbc296d78e77b6f27c012f42c1b7db36c21f352920bcb5e717b21f9d6
16 1787209234.247 33 enode://10@127.0.0.1:1243 33 946 483 1429 0.046875 17 7 205 8349b0fc99717fb2f7e47a75ac9a1b2ebbf02fc890f6cc3c41dfc743f81f3202 192f38fe153a5b5fa5c836925ef221ebfa71b658dbbf1cdd55c9591a2efb55ef
16 1787209234.247 34 enode://23@127.0.0.1:1256 34 956 473 1429 0.046875 53 9 214 35df18978c9ec3e360834c337058b2db1c5156146f4877764af2de5b17f67e17 8349b0fc99717fb2f7e47a75ac9a1b2ebbf02fc890f6cc3c41dfc743f81f3202
16 1787209234.247 35 enode://2@127.0.0.1:1235 35 1009 420 1429 0.046875 65 8 222 9c784915b0a77fdc432b24b0fade4aabfacb16d73e20753eaf8c401857243a13 35df18978c9ec3e360834c337058b2db1c5156146f4877764af2de5b17f67e17
16 1787209234.247 36 enode://3@127.0.0.1:1236 36 1030 399 1429 0.046875 77 9 231 db9001d02328a9044b95c06166a7a13271c48f8a32d8cea1384a7eab42ca9638 9c784915b0a77fdc432b24b0fade4aabfacb16d73e20753eaf8c401857243a13
16 1787209234.247 37 enode://20@127.0.0.1:1253 37 1065 364 1429 0.046875 40 7 238 b735701ff80509cd2674e440963ceb81481ba78bea9424045e9ecf80b04b287a db9001d02328a9044b95c06166a7a13271c48f8a32d8cea1384a7eab42ca9638
16 1787209234.247 38 enode://17@127.0.0.1:1250 38 1075 354 1429 0.046875 7 6 244 615961f1885e6e5bf2ad1556665d1fc70ffd88741ec9451b9490f03c500593c4 b735701ff80509cd2674e440963ceb81481ba78bea9424045e9ecf80b04b287a
16 1787209234.247 39 enode://11@127.0.0.1:1244 39 1156 273 1429 0.046875 143 3 247 d888c899634965251e55806d32634e5736148e4e073b5a24ba2bb433d121c2f3 615961f1885e6e5bf2ad1556665d1fc70ffd88741ec9451b9490f03c500593c4
16 1787209234.247 40 enode://18@127.0.0.1:1251 40 1166 263 1429 0.046875 3 7 254 7f4f93dde7dd0a468578e25c031cf01e1554f9738b3ceda2cd2f1dc02b8c51df d888c899634965251e55806d32634e5736148e4e073b5a24ba2bb433d121c2f3
16 1787209234.247 41 enode://24@127.0.0.1:1257 41 1201 228 1429 0.046875 47 4 258 d49b69e6c88163496850fa912f9926471a12a2f7a62787c212a89e84867ff6e1 7f4f93dde7dd0a468578e25c031cf01e1554f9738b3ceda2cd2f1dc02b8c51df
16 1787209234.247 42 enode://19@127.0.0.1:1252 42 1219 210 1429 0.046875 25 4 262 eb2a1cd6938972df17a0204e24c305667efec62139ee7a70a27b453b440dd252 d49b69e6c88163496850fa912f9926471a12a2f7a62787c212a89e84867ff6e1
16 1787209234.247 43 enode://4@127.0.0.1:1237 43 1240 189 1429 0.046875 26 7 269 38b3ebb4c5b0655f0078093e20c07ddba879de42699fcb3d3ea7d51ce3aabf5f eb2a1cd6938972df17a0204e24c305667efec62139ee7a70a27b453b440dd252
16 1787209234.247 44 enode://13@127.0.0.1:1246 44 1250 179 1429 0.046875 20 5 274 e86223091448fd7cb496b291609039748608469c3e49c23b6f76e8b2b8ed3d97 38b3ebb4c5b0655f0078093e20c07ddba879de42699fcb3d3ea7d51ce3aabf5f
16 1787209234.247 45 enode://7@127.0.0.1:1240 45 1261 168 1429 0.046875 75 4 278 78a02c906bb32e3126f404390feac6d0d2cf094f32f0269a2f6c0414344b6ad9 e86223091448fd7cb496b291609039748608469c3e49c23b6f76e8b2b8ed3d97
16 1787209234.247 46 enode://25@127.0.0.1:1258 46 1271 158 1429 0.046875 26 4 282 9fced458090141838a8f6f944420a52c63023553049f35d09ac2ecb44c19f7fb 78a02c906bb32e3126f404390feac6d0d2cf094f32f0269a2f6c0414344b6ad9
16 1787209234.248 47 enode://10@127.0.0.1:1243 47 1282 147 1429 0.046875 0 8 290 d28c72b0e463c7d7e197fa458366c32f63c5af51d66a116869c6e0c775d45b0c 9fced458090141838a8f6f944420a52c63023553049f35d09ac2ecb44c19f7fb
16 1787209234.248 48 enode://23@127.0.0.1:1256 48 1292 137 1429 0.046875 7 11 301 397cb95d353d24a8eba634923852eb2c13b7f42ac30e909bdf41f1701b53c92a d28c72b0e463c7d7e197fa458366c32f63c5af51d66a116869c6e0c775d45b0c
16 1787209234.248 49 enode://6@127.0.0.1:1239 49 1303 126 1429 0.046875 71 5 306 a7fbc6ed558704db9fdc92309b33178f0fafe52563491377fc48463c2f16092a 397cb95d353d24a8eba634923852eb2c13b7f42ac30e909bdf41f1701b53c92a
16 1787209234.248 50 enode://2@127.0.0.1:1235 50 1324 105 1429 0.046875 57 5 311 edc5d360038f6f4ecdbe01dcdafac150d9c1bb5c16ada8d409ff78a00464aa6f a7fbc6ed558704db9fdc92309b33178f0fafe52563491377fc48463c2f16092a
16 1787209234.248 51 enode://20@127.0.0.1:1253 51 1334 95 1429 0.046875 50 6 317 9adc225047b4d05096c00a74ea973afaeb7ed21fe7145035023b9fb67f45192b edc5d360038f6f4ecdbe01dcdafac150d9c1bb5c16ada8d409ff78a00464aa6f
16 1787209234.248 52 enode://17@127.0.0.1:1250 52 1345 126 1471 0.046875 8 8 325 0dd20d6ab8bdfc7e231f84601ddafd7b0d6c9a1b9c5ab07c223681d016110348 9adc225047b4d05096c00a74ea973afaeb7ed21fe7145035023b9fb67f45192b
16 1787209234.248 53 enode://14@127.0.0.1:1247 53 1513 0 1513 0.046875 126 1 326 3e6124a8e086cc740918eb6f1269f1931c62ab4506e5075bb1623feeaf84cf6f 0dd20d6ab8bdfc7e231f84601ddafd7b0d6c9a1b9c5ab07c223681d016110348
16 1787209234.248 54 enode://16@127.0.0.1:1249 54 1548 0 1548 0.046875 24 6 332 2fcef42cd122e591ade92f7bb79c31d9913a4effd00c3596a3f6ea549ce89b8a 3e6124a8e086cc740918eb6f1269f1931c62ab4506e5075bb1623feeaf84cf6f
16 1787209234.248 55 enode://22@127.0.0.1:1255 55 1558 60 1618 0.046875 0 5 337 ed58b9c79ea3fb454d7d850360e749b60d05ea10f9333b0d0d90aeefe39f811d 2fcef42cd122e591ade92f7bb79c31d9913a4effd00c3596a3f6ea549ce89b8a
16 1787209234.248 56 enode://15@127.0.0.1:1248 56 1576 42 1618 0.046875 3 4 341 66c7dc933cde0e96595c5248dd54b2595025a55bf215278de426776e69ec8a67 ed58b9c79ea3fb454d7d850360e749b60d05ea10f9333b0d0d90aeefe39f811d
16 1787209234.248 57 enode://24@127.0.0.1:1257 57 1636 108 1744 0.046875 153 1 342 e248b6e986a055c09e562f743ee18efb51a44f8822033a9f4221ce657978a143 66c7dc933cde0e96595c5248dd54b2595025a55bf215278de426776e69ec8a67
16 1787209234.248 58 enode://4@127.0.0.1:1237 58 1646 245 1891 0.046875 5 5 347 65ba0c56517bea1f3b128347bfda650e223ecd9d0fa35f8eff4e96a6f7c4aa24 e248b6e986a055c09e562f743ee18efb51a44f8822033a9f4221ce657978a143
16 1787209234.248 59 enode://13@127.0.0.1:1246 59 1660 231 1891 0.046875 22 4 351 a1c75358c87ecfab4e4f060eaef481414b6e7aaa09343d85d13692793351f80a 65ba0c56517bea1f3b128347bfda650e223ecd9d0fa35f8eff4e96a6f7c4aa24
16 1787209234.248 60 enode://21@127.0.0.1:1254 60 1681 210 1891 0.046875 47 3 354 cc89241631eb2ca433b77bd357538b13cffa956d2d60d777697515b84f495ccb a1c75358c87ecfab4e4f060eaef481414b6e7aaa09343d85d13692793351f80a
16 1787209234.248 61 enode://12@127.0.0.1:1245 61 1723 168 1891 0.046875 81 4 358 976eeaa26607641a4869bf2d0c0e2bb52caa5e6537890cd70565e934da89e41a cc89241631eb2ca433b77bd357538b13cffa956d2d60d777697515b84f495ccb
16 1787209234.249 62 enode://25@127.0.0.1:1258 62 1807 84 1891 0.046875 126 3 361 3c7d1fd268551609b0836fb5503ea7b0141759cffd943cb8de6aad62b4929f8c 976eeaa26607641a4869bf2d0c0e2bb52caa5e6537890cd70565e934da89e41a
16 1787209234.249 63 enode://8@127.0.0.1:1241 63 1870 21 1891 0.046875 150 7 368 c5657f23f1dc51ddccea159e4b9e0182bf33ff3ef1a8840e82e6ab9f41f42bbd 3c7d1fd268551609b0836fb5503ea7b0141759cffd943cb8de6aad62b4929f8c
16 1787209234.249 64 enode://6@127.0.0.1:1239 64 1891 0 1891 0.046875 16 7 375 e6b344c4aa309ca638430810168fd57e7d40348fc32a09eef55082c1ab8e12bc c5657f23f1dc51ddccea159e4b9e0182bf33ff3ef1a8840e82e6ab9f41f42bbd
16 1787209234.249 65 enode://1@127.0.0.1:1234 65 1912 0 1912 0.046875 20 5 380 3ef47b5ae2bb6b1b3e76f4ecc655d514128d1c0936c0f1f4f851ce27f29df47a e6b344c4aa309ca638430810168fd57e7d40348fc32a09eef55082c1ab8e12bc
16 1787209234.249 66 enode://9@127.0.0.1:1242 66 1933 0 1933 0.046875 30 5 385 dcc7a9316ba27363cfec920f7da3eea13a55a99f5f2dbff8811c69f9dde7faed 3ef47b5ae2bb6b1b3e76f4ecc655d514128d1c0936c0f1f4f851ce27f29df47a
16 1787209234.249 67 enode://3@127.0.0.1:1236 67 1954 21 1975 0.046875 14 4 389 a2e138908a7aa22a7f223e73b96f5edf4fead5bd200084b017cf629163bda7b9 dcc7a9316ba27363cfec920f7da3eea13a55a99f5f2dbff8811c69f9dde7faed
16 1787209234.249 68 enode://16@127.0.0.1:1249 68 1975 0 1975 0.046875 45 6 395 864661b2dce6dc379492e08c73d854cd9e719eab790f7c128312dc19f0df4f5c a2e138908a7aa22a7f223e73b96f5edf4fead5bd200084b017cf629163bda7b9
16 1787209234.249 69 enode://20@127.0.0.1:1253 69 1985 11 1996 0.046875 5 6 401 bd7e985b80b10f92159246ac768b7e6d15e33079e8ffed14306dea4f9a10f4c9 864661b2dce6dc379492e08c73d854cd9e719eab790f7c128312dc19f0df4f5c
16 1787209234.249 70 enode://2@127.0.0.1:1235 70 1996 0 1996 0.046875 46 4 405 6d6c37e7d200c9976a363313d3e3a068710fbc6b2879996ea59c1a727e3b2d09 bd7e985b80b10f92159246ac768b7e6d15e33079e8ffed14306dea4f9a10f4c9
16 1787209234.249 71 enode://18@127.0.0.1:1251 71 2006 32 2038 0.046875 5 3 408 bd027ed2940fd1c1530f064a698b9468c67ec72e893e55efea5f02d849c9cdd3 6d6c37e7d200c9976a363313d3e3a068710fbc6b2879996ea59c1a727e3b2d09
16 1787209234.249 72 enode://7@127.0.0.1:1240 72 2017 21 2038 0.046875 15 4 412 5a8f4f1654c1b8ed6cd9d3a2258eb45f62afe5bacdef08b811c0f19380801ad8 bd027ed2940fd1c1530f064a698b9468c67ec72e893e55efea5f02d849c9cdd3
16 1787209234.249 73 enode://15@127.0.0.1:1248 73 2038 21 2059 0.046875 37 3 415 e8837b3c7a9e5d5a5c19f6b46edb4a25e56150d24874a96b1571db485aa12506 5a8f4f1654c1b8ed6cd9d3a2258eb45f62afe5bacdef08b811c0f19380801ad8
16 1787209234.249 74 enode://21@127.0.0.1:1254 74 2048 11 2059 0.046875 4 8 423 0840b63fedaeab71c278d5a8a380f817666b9166bc11b73c8adc8a88ca6ed8f0 e8837b3c7a9e5d5a5c19f6b46edb4a25e56150d24874a96b1571db485aa12506
16 1787209234.249 75 enode://4@127.0.0.1:1237 75 2101 0 2101 0.046875 89 1 424 2d7d17a145e41884b8e443f0fcacec711ea9e4d1a27ff70e946b803b83b5890b 0840b63fedaeab71c278d5a8a380f817666b9166bc11b73c8adc8a88ca6ed8f0
16 1787209234.249 76 enode://5@127.0.0.1:1238 76 2122 21 2143 0.046875 35 5 429 5bcd0965fb7fd4eba44b5e0d8985a97ec63ab3296793bd597252b59887372df8 2d7d17a145e41884b8e443f0fcacec711ea9e4d1a27ff70e946b803b83b5890b
16 1787209234.249 77 enode://6@127.0.0.1:1239 77 2232 79 2311 0.046875 79 1 430 d6fc31c80f41387fb9c378e6fccacba062167198067ed6a89abe5584b68b2935 5bcd0965fb7fd4eba44b5e0d8985a97ec63ab3296793bd597252b59887372df8
16 1787209234.25 78 enode://11@127.0.0.1:1244 78 2290 21 2311 0.046875 67 7 437 8510ab6d189659ee930b9dba3a18f49276815ccdf9abf04f8a9d89a634779bb2 d6fc31c80f41387fb9c378e6fccacba062167198067ed6a89abe5584b68b2935
16 1787209234.25 79 enode://10@127.0.0.1:1243 79 2325 28 2353 0.046875 90 3 440 963446830f6d18e69881ecc6bf168087c7de5dc228f2912af86427bf279e81ee 8510ab6d189659ee930b9dba3a18f49276815ccdf9abf04f8a9d89a634779bb2
16 1787209234.25 80 enode://9@127.0.0.1:1242 80 2353 0 2353 0.046875 117 5 445 835b3ac95453ba228d0140a271958ed8989c584e26e4f5d7e6d3fd737083065d 963446830f6d18e69881ecc6bf168087c7de5dc228f2912af86427bf279e81ee
16 1787209234.25 81 enode://19@127.0.0.1:1252 81 2374 21 2395 0.046875 78 4 449 7672e64bbb9b565aa31a04a91af649611b3ef1506d901345164e2e97e3400339 835b3ac95453ba228d0140a271958ed8989c584e26e4f5d7e6d3fd737083065d
16 1787209234.25 82 enode://16@127.0.0.1:1249 82 2395 0 2395 0.046875 10 7 456 6daa9d41c2ac5f79d28a6ddca0af4ccd90311ac55f4bde1c387b39b7d60d6cfa 7672e64bbb9b565aa31a04a91af649611b3ef1506d901345164e2e97e3400339
16 1787209234.25 83 enode://1@127.0.0.1:1234 83 2430 7 2437 0.046875 68 5 461 f2ec0244c4eb1ef1c97fde199c90904c5ad7448acef15c298afbdcf2a3bb0c90 6daa9d41c2ac5f79d28a6ddca0af4ccd90311ac55f4bde1c387b39b7d60d6cfa
16 1787209234.25 84 enode://2@127.0.0.1:1235 84 2440 18 2458 0.046875 63 7 468 47d9a4703d82df46dcbfa0b2b864c3f64d001a8cf1994210ee5456164ab020a0 f2ec0244c4eb1ef1c97fde199c90904c5ad7448acef15c298afbdcf2a3bb0c90
16 1787209234.25 85 enode://25@127.0.0.1:1258 85 2458 21 2479 0.046875 0 7 475 7e94f62dd0d6d91a4d6919e1fe2c90f67b0cdbe0be33dc4bf4a8da5190e49c3d 47d9a4703d82df46dcbfa0b2b864c3f64d001a8cf1994210ee5456164ab020a0
16 1787209234.25 86 enode://3@127.0.0.1:1236 86 2500 63 2563 0.046875 59 4 479 64a49793774d60f55f686ee7390f24443353186d841c49014a092295dbcdd790 7e94f62dd0d6d91a4d6919e1fe2c90f67b0cdbe0be33dc4bf4a8da5190e49c3d
16 1787209234.25 87 enode://15@127.0.0.1:1248 87 2521 63 2584 0.046875 81 6 485 8eda5db4862aec9b0dc598389bda478753c204e5cf715da845c7442c2ec17027 64a49793774d60f55f686ee7390f24443353186d841c49014a092295dbcdd790
16 1787209234.25 88 enode://7@127.0.0.1:1240 88 2556 28 2584 0.046875 7 5 490 73d75e5988d0d91547f40774565b8699eefe292719f32887121ceeb69ed25710 8eda5db4862aec9b0dc598389bda478753c204e5cf715da845c7442c2ec17027
16 1787209234.25 89 enode://23@127.0.0.1:1256 89 2591 182 2773 0.046875 35 3 493 9ac162e2712507bc04e7621fec2d21e3f548ef4b98e6374bb02c7e8f0898da94 73d75e5988d0d91547f40774565b8699eefe292719f32887121ceeb69ed25710
16 1787209234.25 90 enode://18@127.0.0.1:1251 90 2605 168 2773 0.046875 92 5 498 8f97c8974f9089a14d7e25f271fbb45f5c0184fd95d551e6ea0de130bea9dd4f 9ac162e2712507bc04e7621fec2d21e3f548ef4b98e6374bb02c7e8f0898da94
16 1787209234.25 91 enode://17@127.0.0.1:1250 91 2773 21 2794 0.046875 241 1 499 d8e9eea74008a927dca4573207cff462ee7fabe565806d3e5931e79543af6ab7 8f97c8974f9089a14d7e25f271fbb45f5c0184fd95d551e6ea0de130bea9dd4f
16 1787209234.251 92 enode://20@127.0.0.1:1253 92 2833 3 2836 0.046875 87 5 504 0fea1ef21d1fe24d1d048fc978ce82afbdc001085f7a3072f4ad22a5030ca33a d8e9eea74008a927dca4573207cff462ee7fabe565806d3e5931e79543af6ab7
16 1787209234.251 93 enode://14@127.0.0.1:1247 93 2843 14 2857 0.046875 42 6 510 20f56fa1da28a302e02406835faaa014076f72657b629b1753c27295279b9970 0fea1ef21d1fe24d1d048fc978ce82afbdc001085f7a3072f4ad22a5030ca33a
16 1787209234.251 94 enode://11@127.0.0.1:1244 94 2878 63 2941 0.046875 70 5 515 5f7a643e5d4549b66b125cf55da02fa13aaa240ab24dbcfb64acc19e6b3f15dd 20f56fa1da28a302e02406835faaa014076f72657b629b1753c27295279b9970
16 1787209234.251 95 enode://13@127.0.0.1:1246 95 2899 42 2941 0.046875 47 6 521 b916604ee2008f2d9bcfded6b92d08918d2bdc5347e6b4ca4f352505f9786b65 5f7a643e5d4549b66b125cf55da02fa13aaa240ab24dbcfb64acc19e6b3f15dd
16 1787209234.251 96 enode://19@127.0.0.1:1252 96 2909 32 2941 0.046875 20 8 529 130160dd7a6099edea19abe084771d352b87e4e57520ad27ea1142d3648f8b12 b916604ee2008f2d9bcfded6b92d08918d2bdc5347e6b4ca4f352505f9786b65
16 1787209234.251 97 enode://10@127.0.0.1:1243 97 2944 18 2962 0.046875 130 6 535 ad8e83f6f4c6a6d7655b826f845f245306daa7a5716f501f583a3ec4c454cca1 130160dd7a6099edea19abe084771d352b87e4e57520ad27ea1142d3648f8b12
16 1787209234.251 98 enode://6@127.0.0.1:1239 98 2962 0 2962 0.046875 6 9 544 39527298dec2e0e75e8e66d3dbb72177690fa1959a87672bf36575b5fdda2a47 ad8e83f6f4c6a6d7655b826f845f245306daa7a5716f501f583a3ec4c454cca1
16 1787209234.251 99 enode://2@127.0.0.1:1235 99 3004 63 3067 0.046875 59 7 551 ab679bb7203d0ab071213beb514f6c3e2f114c33ef4a027f97208a75fa36d9ee 39527298dec2e0e75e8e66d3dbb72177690fa1959a87672bf36575b5fdda2a47
16 1787209234.251 100 enode://21@127.0.0.1:1254 100 3039 28 3067 0.046875 1 5 556 e3585bd7fffcd54441e3638baf55212b8e14b54ecb2d51f08550b46226125cb8 ab679bb7203d0ab071213beb514f6c3e2f114c33ef4a027f97208a75fa36d9ee
16 1787209234.251 101 enode://24@127.0.0.1:1257 101 3049 60 3109 0.046875 3 4 560 5ecf5c46083aa1fd3fce3c1832e12e69af32776684dd79c1a7551eb5e1c92dd7 e3585bd7fffcd54441e3638baf55212b8e14b54ecb2d51f08550b46226125cb8
16 1787209234.251 102 enode://15@127.0.0.1:1248 102 3109 0 3109 0.046875 125 1 561 5d61bfd0a87bb66009e135c6c94a8707653890f8ccc34ff06cc4e1c589fe6549 5ecf5c46083aa1fd3fce3c1832e12e69af32776684dd79c1a7551eb5e1c92dd7
16 1787209234.251 103 enode://25@127.0.0.1:1258 103 3169 3 3172 0.046875 133 5 566 eac58b4e085e71ea8bbf69ad748b48bb4d2b2e4dd2d001938640664d83f12384 5d61bfd0a87bb66009e135c6c94a8707653890f8ccc34ff06cc4e1c589fe6549
16 1787209234.252 104 enode://23@127.0.0.1:1256 104 3179 35 3214 0.046875 14 7 573 3b69dc15c4c1f78245250e44645fabedb088b6048a0a45b37ef4a5c1d25ffb8b eac58b4e085e71ea8bbf69ad748b48bb4d2b2e4dd2d001938640664d83f12384
16 1787209234.252 105 enode://9@127.0.0.1:1242 105 3193 21 3214 0.046875 21 5 578 f9e805006656bdf375cc1fd95ad003a00a078ba18304aa58c11fafb73d588051 3b69dc15c4c1f78245250e44645fabedb088b6048a0a45b37ef4a5c1d25ffb8b
16 1787209234.252 106 enode://20@127.0.0.1:1253 106 3228 7 3235 0.046875 33 2 580 8900ed0a58143fa22e33a6c493f941b63d04dceab8f6c0f22c7c84bbca2fd27d f9e805006656bdf375cc1fd95ad003a00a078ba18304aa58c11fafb73d588051
16 1787209234.252 107 enode://14@127.0.0.1:1247 107 3238 39 3277 0.046875 0 6 586 8bcd765fde7728c5940c521e3a65d0276a9c3b459315ea338197bfa271d52c1a 8900ed0a58143fa22e33a6c493f941b63d04dceab8f6c0f22c7c84bbca2fd27d
16 1787209234.252 108 enode://16@127.0.0.1:1249 108 3277 0 3277 0.046875 89 4 590 1a7e442f359b47af08f633cb57d67c36c282073e5267328c0795755a977baee6 8bcd765fde7728c5940c521e3a65d0276a9c3b459315ea338197bfa271d52c1a
16 1787209234.252 109 enode://17@127.0.0.1:1250 109 3287 11 3298 0.046875 2 5 595 82d7a053b28a499e4654ad1550db926d2bc422457b49878a061996c073832ed2 1a7e442f359b47af08f633cb57d67c36c282073e5267328c0795755a977baee6
16 1787209234.252 110 enode://18@127.0.0.1:1251 110 3298 21 3319 0.046875 7 3 598 52cf59ca483c76139f1ed5f5dadadbe073fa80ea95f86c4cfe4d4a6f7a414ec6 82d7a053b28a499e4654ad1550db926d2bc422457b49878a061996c073832ed2
16 1787209234.252 111 enode://22@127.0.0.1:1255 111 3361 147 3508 0.046875 104 3 601 ec56d33b095abb7bbad161c893c419958f5637abc6e59b323c122aeed086b511 52cf59ca483c76139f1ed5f5dadadbe073fa80ea95f86c4cfe4d4a6f7a414ec6
16 1787209234.252 112 enode://11@127.0.0.1:1244 112 3403 105 3508 0.046875 52 6 607 f5421c848e94eb34a8af3eea5b032f832fb3e74651735e45ea974a6a096348fd ec56d33b095abb7bbad161c893c419958f5637abc6e59b323c122aeed086b511
16 1787209234.252 113 enode://3@127.0.0.1:1236 113 3438 70 3508 0.046875 7 4 611 25f4cb6b603c3d06df00acfecd1eff49f0ae375736090f71a441ef23e4f5a4c0 f5421c848e94eb34a8af3eea5b032f832fb3e74651735e45ea974a6a096348fd
16 1787209234.252 114 enode://7@127.0.0.1:1240 114 3473 35 3508 0.046875 61 4 615 ae2894cab124038225395c26fc1c1a14fb08a0043e64bb9d6238479a3f2ebb89 25f4cb6b603c3d06df00acfecd1eff49f0ae375736090f71a441ef23e4f5a4c0
16 1787209234.252 115 enode://5@127.0.0.1:1238 115 3529 147 3676 0.046875 115 4 619 8819c4ded3ab8f98a8891458f0a418d416fccbf89f0d82e75c928263f6c65513 ae2894cab124038225395c26fc1c1a14fb08a0043e64bb9d6238479a3f2ebb89
16 1787209234.252 116 enode://15@127.0.0.1:1248 116 3539 137 3676 0.046875 6 7 626 05915e13eb0ddbbf9a12ada8a6136d821e29d4fd879de80e8ee8b9ed106d767b 8819c4ded3ab8f98a8891458f0a418d416fccbf89f0d82e75c928263f6c65513
16 1787209234.252 117 enode://4@127.0.0.1:1237 117 3571 105 3676 0.046875 101 6 632 a0e1c9cabc4419a9525f4a88345f101480c8c9cfdafb51d902b90b1aa223da8d 05915e13eb0ddbbf9a12ada8a6136d821e29d4fd879de80e8ee8b9ed106d767b
16 1787209234.253 118 enode://2@127.0.0.1:1235 118 3592 84 3676 0.046875 72 7 639 093b64c60d18fe6df9c2b1d38cd638927c7ed214ed261ef732b495de35a8bbf6 a0e1c9cabc4419a9525f4a88345f101480c8c9cfdafb51d902b90b1aa223da8d
16 1787209234.253 119 enode://10@127.0.0.1:1243 119 3602 74 3676 0.046875 21 7 646 a0dc4b5387a9c09a10ef8c9867a0ca7c1f1e36ff28b67ad26de66a24e51232da 093b64c60d18fe6df9c2b1d38cd638927c7ed214ed261ef732b495de35a8bbf6
16 1787209234.253 120 enode://23@127.0.0.1:1256 120 3634 42 3676 0.046875 84 7 653 86a5c5a5370f6b93e220c68aa2b1708b3995ff78a33e859b3225d11f9848eb80 a0dc4b5387a9c09a10ef8c9867a0ca7c1f1e36ff28b67ad26de66a24e51232da
16 1787209234.253 121 enode://19@127.0.0.1:1252 121 3669 7 3676 0.046875 3 6 659 cbf38b0e21d185775506977d7e0284a3b0f7f552544c48eb8abe91201415dbe0 86a5c5a5370f6b93e220c68aa2b1708b3995ff78a33e859b3225d11f9848eb80
16 1787209234.253 122 enode://9@127.0.0.1:1242 122 3697 42 3739 0.046875 71 7 666 f26449f1c204f3bb4b424027f8619d30b1b6a5799a8a79c18e025b435a01f5d3 cbf38b0e21d185775506977d7e0284a3b0f7f552544c48eb8abe91201415dbe0
16 1787209234.253 123 enode://6@127.0.0.1:1239 123 3718 21 3739 0.046875 38 6 672 f517497b42370ff5cb608cff89ef591a9c8e9e9637fca8147170b613b4768284 f26449f1c204f3bb4b424027f8619d30b1b6a5799a8a79c18e025b435a01f5d3
16 1787209234.253 124 enode://18@127.0.0.1:1251 124 3728 32 3760 0.046875 2 5 677 28a41074e2e63d54db4a474e5e09726435d866c4720ee19c5a2ef500b3dc6d69 f517497b42370ff5cb608cff89ef591a9c8e9e9637fca8147170b613b4768284
16 1787209234.253 125 enode://16@127.0.0.1:1249 125 3763 0 3763 0.046875 51 4 681 83edc670333b63eb92e9e14e773bd1adc22ae43f9299beda9cca9055faa37594 28a41074e2e63d54db4a474e5e09726435d866c4720ee19c5a2ef500b3dc6d69
16 1787209234.253 126 enode://20@127.0.0.1:1253 126 3798 4 3802 0.046875 16 5 686 5282d2b31e95bd774d2233f37bce10a254feee9b5c6b784467d1643e0cba4382 83edc670333b63eb92e9e14e773bd1adc22ae43f9299beda9cca9055faa37594
16 1787209234.253 127 enode://14@127.0.0.1:1247 127 3823 21 3844 0.046875 63 4 690 9292fa794bb9c4b8ea440ab41f3cbfae0203882e792c7bb0a2b9e496798bb7e4 5282d2b31e95bd774d2233f37bce10a254feee9b5c6b784467d1643e0cba4382
16 1787209234.253 128 enode://7@127.0.0.1:1240 128 3844 0 3844 0.046875 23 6 696 65a66b1285e20a483944564af1dc561388f8d800c7b2b578ee98c056fee64e2e 9292fa794bb9c4b8ea440ab41f3cbfae0203882e792c7bb0a2b9e496798bb7e4
16 1787209234.253 129 enode://3@127.0.0.1:1236 129 3865 42 3907 0.046875 50 3 699 9fde76126f829393efc4f0042a9dcdb985b9f5bf2c89323f12655e91920863a7 65a66b1285e20a483944564af1dc561388f8d800c7b2b578ee98c056fee64e2e
16 1787209234.254 130 enode://21@127.0.0.1:1254 130 3875 32 3907 0.046875 15 5 704 bad70b5561849724b1c527415d396ccda61854cd9b1a35fdda6b1cd3be3ead4c 9fde76126f829393efc4f0042a9dcdb985b9f5bf2c89323f12655e91920863a7
16 1787209234.254 131 enode://8@127.0.0.1:1241 131 3886 21 3907 0.046875 33 4 708 afaefb9751835b6fbbb31239b274cc423a7e7a3a23e2f0f76b08ebd040eb173f bad70b5561849724b1c527415d396ccda61854cd9b1a35fdda6b1cd3be3ead4c
16 1787209234.254 132 enode://2@127.0.0.1:1235 132 3907 63 3970 0.046875 14 6 714 bcf88b3dbad64d21e28f860e29c21063a3ef850cc99aeba6efe91c6359946dc7 afaefb9751835b6fbbb31239b274cc423a7e7a3a23e2f0f76b08ebd040eb173f
