ID TIME n private balances connectivity
10 1786707462.901 0 {} {} {'enode://1@127.0.0.1:1234': 0, 'enode://2@127.0.0.1:1235': 0, 'enode://3@127.0.0.1:1236': 0, 'enode://4@127.0.0.1:1237': 0, 'enode://5@127.0.0.1:1238': 0, 'enode://6@127.0.0.1:1239': 0, 'enode://7@127.0.0.1:1240': 0, 'enode://8@127.0.0.1:1241': 0, 'enode://9@127.0.0.1:1242': 0, 'enode://10@127.0.0.1:1243': 0, 'enode://11@127.0.0.1:1244': 0, 'enode://12@127.0.0.1:1245': 0, 'enode://13@127.0.0.1:1246': 0, 'enode://14@127.0.0.1:1247': 0, 'enode://15@127.0.0.1:1248': 0, 'enode://16@127.0.0.1:1249': 0, 'enode://17@127.0.0.1:1250': 0, 'enode://18@127.0.0.1:1251': 0, 'enode://19@127.0.0.1:1252': 0, 'enode://20@127.0.0.1:1253': 0}
10 1786707462.901 1 None {'18': 0, '0': 0} {'enode://1@127.0.0.1:1234': 0, 'enode://2@127.0.0.1:1235': 0, 'enode://3@127.0.0.1:1236': 0, 'enode://4@127.0.0.1:1237': 0, 'enode://5@127.0.0.1:1238': 0, 'enode://6@127.0.0.1:1239': 0, 'enode://7@127.0.0.1:1240': 0, 'enode://8@127.0.0.1:1241': 0, 'enode://9@127.0.0.1:1242': 0, 'enode://10@127.0.0.1:1243': 0, 'enode://11@127.0.0.1:1244': 0, 'enode://12@127.0.0.1:1245': 0, 'enode://13@127.0.0.1:1246': 0, 'enode://14@127.0.0.1:1247': 0, 'enode://15@127.0.0.1:1248': 0, 'enode://16@127.0.0.1:1249': 0, 'enode://17@127.0.0.1:1250': 0, 'enode://18@127.0.0.1:1251': -10, 'enode://19@127.0.0.1:1252': 0, 'enode://20@127.0.0.1:1253': 0}
10 1786707462.901 377 None {'18': 1, '0': 0, '3': 0, '5': 0, '2': 0, '12': 0, '11': 0, '4': 0, '9': 0, '6': 0, '14': 0, '19': 0, '20': 0, '17': 0, '7': 0, '16': 0, '1': 0, '15': 0, '13': 0, '10': 0} {'enode://1@127.0.0.1:1234': 0, 'enode://2@127.0.0.1:1235': 0, 'enode://3@127.0.0.1:1236': -10, 'enode://4@127.0.0.1:1237': 0, 'enode://5@127.0.0.1:1238': 0, 'enode://6@127.0.0.1:1239': 0, 'enode://7@127.0.0.1:1240': 0, 'enode://8@127.0.0.1:1241': 0, 'enode://9@127.0.0.1:1242': 0, 'enode://10@127.0.0.1:1243': 0, 'enode://11@127.0.0.1:1244': 0, 'enode://12@127.0.0.1:1245': 0, 'enode://13@127.0.0.1:1246': 0, 'enode://14@127.0.0.1:1247': 0, 'enode://15@127.0.0.1:1248': 0, 'enode://16@127.0.0.1:1249': 0, 'enode://17@127.0.0.1:1250': 0, 'enode://18@127.0.0.1:1251': -9, 'enode://19@127.0.0.1:1252': 0, 'enode://20@127.0.0.1:1253': 0}
10 1786707462.901 613 None {'18': 1, '0': 0, '3': 375, '5': 0, '2': 0, '12': 0, '11': 0, '4': 0, '9': 0, '6': 0, '14': 0, '19': 0, '20': 0, '17': 0, '7': 0, '16': 0, '1': 0, '15': 0, '13': 0, '10': 0} {'enode://1@127.0.0.1:1234': 0, 'enode://2@127.0.0.1:1235': 0, 'enode://3@127.0.0.1:1236': -9, 'enode://4@127.0.0.1:1237': 0, 'enode://5@127.0.0.1:1238': 0, 'enode://6@127.0.0.1:1239': 0, 'enode://7@127.0.0.1:1240': 0, 'enode://8@127.0.0.1:1241': 0, 'enode://9@127.0.0.1:1242': 0, 'enode://10@127.0.0.1:1243': 0, 'enode://11@127.0.0.1:1244': 0, 'enode://12@127.0.0.1:1245': 0, 'enode://13@127.0.0.1:1246': 0, 'enode://14@127.0.0.1:1247': 0, 'enode://15@127.0.0.1:1248': 0, 'enode://16@127.0.0.1:1249': -10, 'enode://17@127.0.0.1:1250': 0, 'enode://18@127.0.0.1:1251': -8, 'enode://19@127.0.0.1:1252': 0, 'enode://20@127.0.0.1:1253': 0}
10 1786707462.901 836 None {'18': 1, '0': 0, '3': 375, '5': 0, '2': 0, '12': 0, '11': 0, '4': 0, '9': 0, '6': 0, '14': 0, '19': 0, '20': 0, '17': 0, '7': 0, '16': 235, '1': 0, '15': 0, '13': 0, '10': 0, '8': 0} {'enode://1@127.0.0.1:1234': 0, 'enode://2@127.0.0.1:1235': 0, 'enode://3@127.0.0.1:1236': -8, 'enode://4@127.0.0.1:1237': 0, 'enode://5@127.0.0.1:1238': 0, 'enode://6@127.0.0.1:1239': 0, 'enode://7@127.0.0.1:1240': 0, 'enode://8@127.0.0.1:1241': 0, 'enode://9@127.0.0.1:1242': 0, 'enode://10@127.0.0.1:1243': -10, 'enode://11@127.0.0.1:1244': 0, 'enode://12@127.0.0.1:1245': 0, 'enode://13@127.0.0.1:1246': 0, 'enode://14@127.0.0.1:1247': 0, 'enode://15@127.0.0.1:1248': 0, 'enode://16@127.0.0.1:1249': -9, 'enode://17@127.0.0.1:1250': 0, 'enode://18@127.0.0.1:1251': -7, 'enode://19@127.0.0.1:1252': 0, 'enode://20@127.0.0.1:1253': 0}
10 1786707462.901 1193 None {'18': 1, '0': 0, '3': 375, '5': 0, '2': 0, '12': 0, '11': 0, '4': 0, '9': 0, '6': 0, '14': 0, '19': 0, '20': 0, '17': 0, '7': 0, '16': 235, '1': 0, '15': 0, '13': 0, '10': 222, '8': 0} {'enode://1@127.0.0.1:1234': 0, 'enode://2@127.0.0.1:1235': -10, 'enode://3@127.0.0.1:1236': -7, 'enode://4@127.0.0.1:1237': 0, 'enode://5@127.0.0.1:1238': 0, 'enode://6@127.0.0.1:1239': 0, 'enode://7@127.0.0.1:1240': 0, 'enode://8@127.0.0.1:1241': 0, 'enode://9@127.0.0.1:1242': 0, 'enode://10@127.0.0.1:1243': -9, 'enode://11@127.0.0.1:1244': 0, 'enode://12@127.0.0.1:1245': 0, 'enode://13@127.0.0.1:1246': 0, 'enode://14@127.0.0.1:1247': 0, 'enode://15@127.0.0.1:1248': 0, 'enode://16@127.0.0.1:1249': -8, 'enode://17@127.0.0.1:1250': 0, 'enode://18@127.0.0.1:1251': -6, 'enode://19@127.0.0.1:1252': 0, 'enode://20@127.0.0.1:1253': 0}
10 1786707462.901 1199 None {'18': 1, '0': 0, '3': 375, '5': 0, '2': 356, '12': 0, '11': 0, '4': 0, '9': 0, '6': 0, '14': 0, '19': 0, '20': 0, '17': 0, '7': 0, '16': 235, '1': 0, '15': 0, '13': 0, '10': 222, '8': 0} {'enode://1@127.0.0.1:1234': 0, 'enode://2@127.0.0.1:1235': -9, 'enode://3@127.0.0.1:1236': -6, 'enode://4@127.0.0.1:1237': 0, 'enode://5@127.0.0.1:1238': 0, 'enode://6@127.0.0.1:1239': -10, 'enode://7@127.0.0.1:1240': 0, 'enode://8@127.0.0.1:1241': 0, 'enode://9@127.0.0.1:1242': 0, 'enode://10@127.0.0.1:1243': -8, 'enode://11@127.0.0.1:1244': 0, 'enode://12@127.0.0.1:1245': 0, 'enode://13@127.0.0.1:1246': 0, 'enode://14@127.0.0.1:1247': 0, 'enode://15@127.0.0.1:1248': 0, 'enode://16@127.0.0.1:1249': -7, 'enode://17@127.0.0.1:1250': 0, 'enode://18@127.0.0.1:1251': -5, 'enode://19@127.0.0.1:1252': 0, 'enode://20@127.0.0.1:1253': 0}
10 1786707462.901 1385 None {'18': 1, '0': 0, '3': 375, '5': 0, '2': 356, '12': 0, '11': 0, '4': 0, '9': 0, '6': 5, '14': 0, '19': 0, '20': 0, '17': 0, '7': 0, '16': 235, '1': 0, '15': 0, '13': 0, '10': 222, '8': 0} {'enode://1@127.0.0.1:1234': 0, 'enode://2@127.0.0.1:1235': -8, 'enode://3@127.0.0.1:1236': -5, 'enode://4@127.0.0.1:1237': 0, 'enode://5@127.0.0.1:1238': 0, 'enode://6@127.0.0.1:1239': -9, 'enode://7@127.0.0.1:1240': 0, 'enode://8@127.0.0.1:1241': 0, 'enode://9@127.0.0.1:1242': 0, 'enode://10@127.0.0.1:1243': -7, 'enode://11@127.0.0.1:1244': 0, 'enode://12@127.0.0.1:1245': -10, 'enode://13@127.0.0.1:1246': 0, 'enode://14@127.0.0.1:1247': 0, 'enode://15@127.0.0.1:1248': 0, 'enode://16@127.0.0.1:1249': -6, 'enode://17@127.0.0.1:1250': 0, 'enode://18@127.0.0.1:1251': -4, 'enode://19@127.0.0.1:1252': 0, 'enode://20@127.0.0.1:1253': 0}
10 1786707462.901 1436 None {'18': 1, '0': 0, '3': 375, '5': 0, '2': 356, '12': 185, '11': 0, '4': 0, '9': 0, '6': 5, '14': 0, '19': 0, '20': 0, '17': 0, '7': 0, '16': 235, '1': 0, '15': 0, '13': 0, '10': 222, '8': 0} {'enode://1@127.0.0.1:1234': 0, 'enode://2@127.0.0.1:1235': -7, 'enode://3@127.0.0.1:1236': -4, 'enode://4@127.0.0.1:1237': 0, 'enode://5@127.0.0.1:1238': 0, 'enode://6@127.0.0.1:1239': -8, 'enode://7@127.0.0.1:1240': 0, 'enode://8@127.0.0.1:1241': 0, 'enode://9@127.0.0.1:1242': 0, 'enode://10@127.0.0.1:1243': -6, 'enode://11@127.0.0.1:1244': 0, 'enode://12@127.0.0.1:1245': -9, 'enode://13@127.0.0.1:1246': 0, 'enode://14@127.0.0.1:1247': 0, 'enode://15@127.0.0.1:1248': 0, 'enode://16@127.0.0.1:1249': -5, 'enode://17@127.0.0.1:1250': 0, 'enode://18@127.0.0.1:1251': -3, 'enode://19@127.0.0.1:1252': -10, 'enode://20@127.0.0.1:1253': 0}
10 1786707462.902 1851 None {'18': 1, '0': 0, '3': 375, '5': 0, '2': 356, '12': 185, '11': 0, '4': 0, '9': 0, '6': 5, '14': 0, '19': 50, '20': 0, '17': 0, '7': 0, '16': 235, '1': 0, '15': 0, '13': 0, '10': 222, '8': 0} {'enode://1@127.0.0.1:1234': 0, 'enode://2@127.0.0.1:1235': -6, 'enode://3@127.0.0.1:1236': -3, 'enode://4@127.0.0.1:1237': 0, 'enode://5@127.0.0.1:1238': 0, 'enode://6@127.0.0.1:1239': -7, 'enode://7@127.0.0.1:1240': -10, 'enode://8@127.0.0.1:1241': 0, 'enode://9@127.0.0.1:1242': 0, 'enode://10@127.0.0.1:1243': -5, 'enode://11@127.0.0.1:1244': 0, 'enode://12@127.0.0.1:1245': -8, 'enode://13@127.0.0.1:1246': 0, 'enode://14@127.0.0.1:1247': 0, 'enode://15@127.0.0.1:1248': 0, 'enode://16@127.0.0.1:1249': -4, 'enode://17@127.0.0.1:1250': 0, 'enode://18@127.0.0.1:1251': -2, 'enode://19@127.0.0.1:1252': -9, 'enode://20@127.0.0.1:1253': 0}
10 1786707462.902 1977 None {'18': 1, '0': 0, '3': 375, '5': 0, '2': 356, '12': 185, '11': 0, '4': 0, '9': 0, '6': 5, '14': 0, '19': 50, '20': 0, '17': 0, '7': 414, '16': 235, '1': 0, '15': 0, '13': 0, '10': 222, '8': 0} {'enode://1@127.0.0.1:1234': 0, 'enode://2@127.0.0.1:1235': -5, 'enode://3@127.0.0.1:1236': -2, 'enode://4@127.0.0.1:1237': 0, 'enode://5@127.0.0.1:1238': 0, 'enode://6@127.0.0.1:1239': -6, 'enode://7@127.0.0.1:1240': -9, 'enode://8@127.0.0.1:1241': 0, 'enode://9@127.0.0.1:1242': 0, 'enode://10@127.0.0.1:1243': -4, 'enode://11@127.0.0.1:1244': 0, 'enode://12@127.0.0.1:1245': -7, 'enode://13@127.0.0.1:1246': 0, 'enode://14@127.0.0.1:1247': 0, 'enode://15@127.0.0.1:1248': 0, 'enode://16@127.0.0.1:1249': -3, 'enode://17@127.0.0.1:1250': 0, 'enode://18@127.0.0.1:1251': -1, 'enode://19@127.0.0.1:1252': -8, 'enode://20@127.0.0.1:1253': -10}
10 1786707462.902 2118 None {'18': 1, '0': 0, '3': 375, '5': 0, '2': 356, '12': 185, '11': 0, '4': 0, '9': 0, '6': 5, '14': 0, '19': 50, '20': 125, '17': 0, '7': 414, '16': 235, '1': 0, '15': 0, '13': 0, '10': 222, '8': 0} {'enode://1@127.0.0.1:1234': 0, 'enode://2@127.0.0.1:1235': -4, 'enode://3@127.0.0.1:1236': -1, 'enode://4@127.0.0.1:1237': 0, 'enode://5@127.0.0.1:1238': 0, 'enode://6@127.0.0.1:1239': -5, 'enode://7@127.0.0.1:1240': -8, 'enode://8@127.0.0.1:1241': 0, 'enode://9@127.0.0.1:1242': 0, 'enode://10@127.0.0.1:1243': -3, 'enode://11@127.0.0.1:1244': -10, 'enode://12@127.0.0.1:1245': -6, 'enode://13@127.0.0.1:1246': 0, 'enode://14@127.0.0.1:1247': 0, 'enode://15@127.0.0.1:1248': 0, 'enode://16@127.0.0.1:1249': -2, 'enode://17@127.0.0.1:1250': 0, 'enode://18@127.0.0.1:1251': 0, 'enode://19@127.0.0.1:1252': -7, 'enode://20@127.0.0.1:1253': -9}
10 1786707462.902 2251 None {'18': 1, '0': 0, '3': 375, '5': 0, '2': 356, '12': 185, '11': 140, '4': 0, '9': 0, '6': 5, '14': 0, '19': 50, '20': 125, '17': 0, '7': 414, '16': 235, '1': 0, '15': 0, '13': 0, '10': 222, '8': 0} {'enode://1@127.0.0.1:1234': 0, 'enode://2@127.0.0.1:1235': -3, 'enode://3@127.0.0.1:1236': 0, 'enode://4@127.0.0.1:1237': 0, 'enode://5@127.0.0.1:1238': 0, 'enode://6@127.0.0.1:1239': -4, 'enode://7@127.0.0.1:1240': -7, 'enode://8@127.0.0.1:1241': 0, 'enode://9@127.0.0.1:1242': 0, 'enode://10@127.0.0.1:1243': -2, 'enode://11@127.0.0.1:1244': -9, 'enode://12@127.0.0.1:1245': -5, 'enode://13@127.0.0.1:1246': 0, 'enode://14@127.0.0.1:1247': -10, 'enode://15@127.0.0.1:1248': 0, 'enode://16@127.0.0.1:1249': -1, 'enode://17@127.0.0.1:1250': 0, 'enode://18@127.0.0.1:1251': 0, 'enode://19@127.0.0.1:1252': -6, 'enode://20@127.0.0.1:1253': -8}
10 1786707462.902 2426 None {'18': 1, '0': 0, '3': 375, '5': 0, '2': 356, '12': 185, '11': 140, '4': 0, '9': 0, '6': 5, '14': 132, '19': 50, '20': 125, '17': 0, '7': 414, '16': 235, '1': 0, '15': 0, '13': 0, '10': 222, '8': 0} {'enode://1@127.0.0.1:1234': 0, 'enode://2@127.0.0.1:1235': -2, 'enode://3@127.0.0.1:1236': 0, 'enode://4@127.0.0.1:1237': 0, 'enode://5@127.0.0.1:1238': 0, 'enode://6@127.0.0.1:1239': -3, 'enode://7@127.0.0.1:1240': -6, 'enode://8@127.0.0.1:1241': 0, 'enode://9@127.0.0.1:1242': 0, 'enode://10@127.0.0.1:1243': -1, 'enode://11@127.0.0.1:1244': -8, 'enode://12@127.0.0.1:1245': -4, 'enode://13@127.0.0.1:1246': 0, 'enode://14@127.0.0.1:1247': -9, 'enode://15@127.0.0.1:1248': 0, 'enode://16@127.0.0.1:1249': 0, 'enode://17@127.0.0.1:1250': -10, 'enode://18@127.0.0.1:1251': 0, 'enode://19@127.0.0.1:1252': -5, 'enode://20@127.0.0.1:1253': -7}
10 1786707462.902 2433 None {'18': 1, '0': 0, '3': 375, '5': 0, '2': 356, '12': 185, '11': 140, '4': 0, '9': 0, '6': 5, '14': 132, '19': 50, '20': 125, '17': 174, '7': 414, '16': 235, '1': 0, '15': 0, '13': 0, '10': 222, '8': 0} {'enode://1@127.0.0.1:1234': 0, 'enode://2@127.0.0.1:1235': -1, 'enode://3@127.0.0.1:1236': 0, 'enode://4@127.0.0.1:1237': 0, 'enode://5@127.0.0.1:1238': 0, 'enode://6@127.0.0.1:1239': -2, 'enode://7@127.0.0.1:1240': -5, 'enode://8@127.0.0.1:1241': 0, 'enode://9@127.0.0.1:1242': 0, 'enode://10@127.0.0.1:1243': 0, 'enode://11@127.0.0.1:1244': -7, 'enode://12@127.0.0.1:1245': -3, 'enode://13@127.0.0.1:1246': -10, 'enode://14@127.0.0.1:1247': -8, 'enode://15@127.0.0.1:1248': 0, 'enode://16@127.0.0.1:1249': 0, 'enode://17@127.0.0.1:1250': -9, 'enode://18@127.0.0.1:1251': 0, 'enode://19@127.0.0.1:1252': -4, 'enode://20@127.0.0.1:1253': -6}
10 1786707462.902 2772 None {'18': 1, '0': 0, '3': 375, '5': 0, '2': 356, '12': 185, '11': 140, '4': 0, '9': 0, '6': 5, '14': 132, '19': 50, '20': 125, '17': 174, '7': 414, '16': 235, '1': 0, '15': 0, '13': 6, '10': 222, '8': 0} {'enode://1@127.0.0.1:1234': 0, 'enode://2@127.0.0.1:1235': 0, 'enode://3@127.0.0.1:1236': 0, 'enode://4@127.0.0.1:1237': 0, 'enode://5@127.0.0.1:1238': 0, 'enode://6@127.0.0.1:1239': -1, 'enode://7@127.0.0.1:1240': -4, 'enode://8@127.0.0.1:1241': 0, 'enode://9@127.0.0.1:1242': 0, 'enode://10@127.0.0.1:1243': 0, 'enode://11@127.0.0.1:1244': -6, 'enode://12@127.0.0.1:1245': -2, 'enode://13@127.0.0.1:1246': -9, 'enode://14@127.0.0.1:1247': -7, 'enode://15@127.0.0.1:1248': 0, 'enode://16@127.0.0.1:1249': 0, 'enode://17@127.0.0.1:1250': -8, 'enode://18@127.0.0.1:1251': -10, 'enode://19@127.0.0.1:1252': -3, 'enode://20@127.0.0.1:1253': -5}
10 1786707462.902 2796 None {'18': 339, '0': 0, '3': 375, '5': 0, '2': 356, '12': 185, '11': 140, '4': 0, '9': 0, '6': 5, '14': 132, '19': 50, '20': 125, '17': 174, '7': 414, '16': 235, '1': 0, '15': 0, '13': 6, '10': 222, '8': 0} {'enode://1@127.0.0.1:1234': 0, 'enode://2@127.0.0.1:1235': 0, 'enode://3@127.0.0.1:1236': 0, 'enode://4@127.0.0.1:1237': 0, 'enode://5@127.0.0.1:1238': 0, 'enode://6@127.0.0.1:1239': 0, 'enode://7@127.0.0.1:1240': -3, 'enode://8@127.0.0.1:1241': -10, 'enode://9@127.0.0.1:1242': 0, 'enode://10@127.0.0.1:1243': 0, 'enode://11@127.0.0.1:1244': -5, 'enode://12@127.0.0.1:1245': -1, 'enode://13@127.0.0.1:1246': -8, 'enode://14@127.0.0.1:1247': -6, 'enode://15@127.0.0.1:1248': 0, 'enode://16@127.0.0.1:1249': 0, 'enode://17@127.0.0.1:1250': -7, 'enode://18@127.0.0.1:1251': -9, 'enode://19@127.0.0.1:1252': -2, 'enode://20@127.0.0.1:1253': -4}
10 1786707462.902 2927 None {'18': 339, '0': 0, '3': 375, '5': 0, '2': 356, '12': 185, '11': 140, '4': 0, '9': 0, '6': 5, '14': 132, '19': 50, '20': 125, '17': 174, '7': 414, '16': 235, '1': 0, '15': 0, '13': 6, '10': 222, '8': 23} {'enode://1@127.0.0.1:1234': 0, 'enode://2@127.0.0.1:1235': 0, 'enode://3@127.0.0.1:1236': 0, 'enode://4@127.0.0.1:1237': -10, 'enode://5@127.0.0.1:1238': 0, 'enode://6@127.0.0.1:1239': 0, 'enode://7@127.0.0.1:1240': -2, 'enode://8@127.0.0.1:1241': -9, 'enode://9@127.0.0.1:1242': 0, 'enode://10@127.0.0.1:1243': 0, 'enode://11@127.0.0.1:1244': -4, 'enode://12@127.0.0.1:1245': 0, 'enode://13@127.0.0.1:1246': -7, 'enode://14@127.0.0.1:1247': -5, 'enode://15@127.0.0.1:1248': 0, 'enode://16@127.0.0.1:1249': 0, 'enode://17@127.0.0.1:1250': -6, 'enode://18@127.0.0.1:1251': -8, 'enode://19@127.0.0.1:1252': -1, 'enode://20@127.0.0.1:1253': -3}
10 1786707462.902 3049 None {'18': 339, '0': 0, '3': 375, '5': 0, '2': 356, '12': 185, '11': 140, '4': 130, '9': 0, '6': 5, '14': 132, '19': 50, '20': 125, '17': 174, '7': 414, '16': 235, '1': 0, '15': 0, '13': 6, '10': 222, '8': 23} {'enode://1@127.0.0.1:1234': -10, 'enode://2@127.0.0.1:1235': 0, 'enode://3@127.0.0.1:1236': 0, 'enode://4@127.0.0.1:1237': -9, 'enode://5@127.0.0.1:1238': 0, 'enode://6@127.0.0.1:1239': 0, 'enode://7@127.0.0.1:1240': -1, 'enode://8@127.0.0.1:1241': -8, 'enode://9@127.0.0.1:1242': 0, 'enode://10@127.0.0.1:1243': 0, 'enode://11@127.0.0.1:1244': -3, 'enode://12@127.0.0.1:1245': 0, 'enode://13@127.0.0.1:1246': -6, 'enode://14@127.0.0.1:1247': -4, 'enode://15@127.0.0.1:1248': 0, 'enode://16@127.0.0.1:1249': 0, 'enode://17@127.0.0.1:1250': -5, 'enode://18@127.0.0.1:1251': -7, 'enode://19@127.0.0.1:1252': 0, 'enode://20@127.0.0.1:1253': -2}
10 1786707462.902 3505 None {'18': 339, '0': 0, '3': 375, '5': 0, '2': 356, '12': 185, '11': 140, '4': 130, '9': 0, '6': 5, '14': 132, '19': 50, '20': 125, '17': 174, '7': 414, '16': 235, '1': 121, '15': 0, '13': 6, '10': 222, '8': 23} {'enode://1@127.0.0.1:1234': -9, 'enode://2@127.0.0.1:1235': 0, 'enode://3@127.0.0.1:1236': 0, 'enode://4@127.0.0.1:1237': -8, 'enode://5@127.0.0.1:1238': 0, 'enode://6@127.0.0.1:1239': -10, 'enode://7@127.0.0.1:1240': 0, 'enode://8@127.0.0.1:1241': -7, 'enode://9@127.0.0.1:1242': 0, 'enode://10@127.0.0.1:1243': 0, 'enode://11@127.0.0.1:1244': -2, 'enode://12@127.0.0.1:1245': 0, 'enode://13@127.0.0.1:1246': -5, 'enode://14@127.0.0.1:1247': -3, 'enode://15@127.0.0.1:1248': 0, 'enode://16@127.0.0.1:1249': 0, 'enode://17@127.0.0.1:1250': -4, 'enode://18@127.0.0.1:1251': -6, 'enode://19@127.0.0.1:1252': 0, 'enode://20@127.0.0.1:1253': -1}
10 1786707462.902 4287 None {'18': 339, '0': 0, '3': 375, '5': 0, '2': 356, '12': 185, '11': 140, '4': 130, '9': 0, '6': 460, '14': 132, '19': 50, '20': 125, '17': 174, '7': 414, '16': 235, '1': 121, '15': 0, '13': 6, '10': 222, '8': 23} {'enode://1@127.0.0.1:1234': -8, 'enode://2@127.0.0.1:1235': 0, 'enode://3@127.0.0.1:1236': 0, 'enode://4@127.0.0.1:1237': -7, 'enode://5@127.0.0.1:1238': 0, 'enode://6@127.0.0.1:1239': -9, 'enode://7@127.0.0.1:1240': 0, 'enode://8@127.0.0.1:1241': -6, 'enode://9@127.0.0.1:1242': 0, 'enode://10@127.0.0.1:1243': 0, 'enode://11@127.0.0.1:1244': -1, 'enode://12@127.0.0.1:1245': 0, 'enode://13@127.0.0.1:1246': -4, 'enode://14@127.0.0.1:1247': -2, 'enode://15@127.0.0.1:1248': 0, 'enode://16@127.0.0.1:1249': 0, 'enode://17@127.0.0.1:1250': -3, 'enode://18@127.0.0.1:1251': -5, 'enode://19@127.0.0.1:1252': -10, 'enode://20@127.0.0.1:1253': 0}
10 1786707462.902 4355 None {'18': 339, '0': 0, '3': 375, '5': 0, '2': 356, '12': 185, '11': 140, '4': 130, '9': 0, '6': 460, '14': 132, '19': 831, '20': 125, '17': 174, '7': 414, '16': 235, '1': 121, '15': 0, '13': 6, '10': 222, '8': 23} {'enode://1@127.0.0.1:1234': -7, 'enode://2@127.0.0.1:1235': 0, 'enode://3@127.0.0.1:1236': 0, 'enode://4@127.0.0.1:1237': -6, 'enode://5@127.0.0.1:1238': -10, 'enode://6@127.0.0.1:1239': -8, 'enode://7@127.0.0.1:1240': 0, 'enode://8@127.0.0.1:1241': -5, 'enode://9@127.0.0.1:1242': 0, 'enode://10@127.0.0.1:1243': 0, 'enode://11@127.0.0.1:1244': 0, 'enode://12@127.0.0.1:1245': 0, 'enode://13@127.0.0.1:1246': -3, 'enode://14@127.0.0.1:1247': -1, 'enode://15@127.0.0.1:1248': 0, 'enode://16@127.0.0.1:1249': 0, 'enode://17@127.0.0.1:1250': -2, 'enode://18@127.0.0.1:1251': -4, 'enode://19@127.0.0.1:1252': -9, 'enode://20@127.0.0.1:1253': 0}
10 1786707462.902 5176 None {'18': 339, '0': 0, '3': 375, '5': 67, '2': 356, '12': 185, '11': 140, '4': 130, '9': 0, '6': 460, '14': 132, '19': 831, '20': 125, '17': 174, '7': 414, '16': 235, '1': 121, '15': 0, '13': 6, '10': 222, '8': 23} {'enode://1@127.0.0.1:1234': -6, 'enode://2@127.0.0.1:1235': 0, 'enode://3@127.0.0.1:1236': 0, 'enode://4@127.0.0.1:1237': -5, 'enode://5@127.0.0.1:1238': -9, 'enode://6@127.0.0.1:1239': -7, 'enode://7@127.0.0.1:1240': -10, 'enode://8@127.0.0.1:1241': -4, 'enode://9@127.0.0.1:1242': 0, 'enode://10@127.0.0.1:1243': 0, 'enode://11@127.0.0.1:1244': 0, 'enode://12@127.0.0.1:1245': 0, 'enode://13@127.0.0.1:1246': -2, 'enode://14@127.0.0.1:1247': 0, 'enode://15@127.0.0.1:1248': 0, 'enode://16@127.0.0.1:1249': 0, 'enode://17@127.0.0.1:1250': -1, 'enode://18@127.0.0.1:1251': -3, 'enode://19@127.0.0.1:1252': -8, 'enode://20@127.0.0.1:1253': 0}
10 1786707462.903 5234 None {'18': 339, '0': 0, '3': 375, '5': 67, '2': 356, '12': 185, '11': 140, '4': 130, '9': 0, '6': 460, '14': 132, '19': 831, '20': 125, '17': 174, '7': 1234, '16': 235, '1': 121, '15': 0, '13': 6, '10': 222, '8': 23} {'enode://1@127.0.0.1:1234': -5, 'enode://2@127.0.0.1:1235': 0, 'enode://3@127.0.0.1:1236': 0, 'enode://4@127.0.0.1:1237': -4, 'enode://5@127.0.0.1:1238': -8, 'enode://6@127.0.0.1:1239': -6, 'enode://7@127.0.0.1:1240': -9, 'enode://8@127.0.0.1:1241': -3, 'enode://9@127.0.0.1:1242': 0, 'enode://10@127.0.0.1:1243': 0, 'enode://11@127.0.0.1:1244': 0, 'enode://12@127.0.0.1:1245': -10, 'enode://13@127.0.0.1:1246': -1, 'enode://14@127.0.0.1:1247': 0, 'enode://15@127.0.0.1:1248': 0, 'enode://16@127.0.0.1:1249': 0, 'enode://17@127.0.0.1:1250': 0, 'enode://18@127.0.0.1:1251': -2, 'enode://19@127.0.0.1:1252': -7, 'enode://20@127.0.0.1:1253': 0}
10 1786707462.903 5314 None {'18': 339, '0': 0, '3': 375, '5': 67, '2': 356, '12': 242, '11': 140, '4': 130, '9': 0, '6': 460, '14': 132, '19': 831, '20': 125, '17': 174, '7': 1234, '16': 235, '1': 121, '15': 0, '13': 6, '10': 222, '8': 23} {'enode://1@127.0.0.1:1234': -4, 'enode://2@127.0.0.1:1235': 0, 'enode://3@127.0.0.1:1236': 0, 'enode://4@127.0.0.1:1237': -3, 'enode://5@127.0.0.1:1238': -7, 'enode://6@127.0.0.1:1239': -5, 'enode://7@127.0.0.1:1240': -8, 'enode://8@127.0.0.1:1241': -2, 'enode://9@127.0.0.1:1242': 0, 'enode://10@127.0.0.1:1243': 0, 'enode://11@127.0.0.1:1244': 0, 'enode://12@127.0.0.1:1245': -9, 'enode://13@127.0.0.1:1246': 0, 'enode://14@127.0.0.1:1247': 0, 'enode://15@127.0.0.1:1248': 0, 'enode://16@127.0.0.1:1249': -10, 'enode://17@127.0.0.1:1250': 0, 'enode://18@127.0.0.1:1251': -1, 'enode://19@127.0.0.1:1252': -6, 'enode://20@127.0.0.1:1253': 0}
10 1786707462.903 5366 None {'18': 339, '0': 0, '3': 375, '5': 67, '2': 356, '12': 242, '11': 140, '4': 130, '9': 0, '6': 460, '14': 132, '19': 831, '20': 125, '17': 174, '7': 1234, '16': 314, '1': 121, '15': 0, '13': 6, '10': 222, '8': 23} {'enode://1@127.0.0.1:1234': -3, 'enode://2@127.0.0.1:1235': -10, 'enode://3@127.0.0.1:1236': 0, 'enode://4@127.0.0.1:1237': -2, 'enode://5@127.0.0.1:1238': -6, 'enode://6@127.0.0.1:1239': -4, 'enode://7@127.0.0.1:1240': -7, 'enode://8@127.0.0.1:1241': -1, 'enode://9@127.0.0.1:1242': 0, 'enode://10@127.0.0.1:1243': 0, 'enode://11@127.0.0.1:1244': 0, 'enode://12@127.0.0.1:1245': -8, 'enode://13@127.0.0.1:1246': 0, 'enode://14@127.0.0.1:1247': 0, 'enode://15@127.0.0.1:1248': 0, 'enode://16@127.0.0.1:1249': -9, 'enode://17@127.0.0.1:1250': 0, 'enode://18@127.0.0.1:1251': 0, 'enode://19@127.0.0.1:1252': -5, 'enode://20@127.0.0.1:1253': 0}
10 1786707462.903 6140 None {'18': 339, '0': 0, '3': 375, '5': 67, '2': 407, '12': 242, '11': 140, '4': 130, '9': 0, '6': 460, '14': 132, '19': 831, '20': 125, '17': 174, '7': 1234, '16': 314, '1': 121, '15': 0, '13': 6, '10': 222, '8': 23} {'enode://1@127.0.0.1:1234': -2, 'enode://2@127.0.0.1:1235': -9, 'enode://3@127.0.0.1:1236': 0, 'enode://4@127.0.0.1:1237': -1, 'enode://5@127.0.0.1:1238': -5, 'enode://6@127.0.0.1:1239': -3, 'enode://7@127.0.0.1:1240': -6, 'enode://8@127.0.0.1:1241': 0, 'enode://9@127.0.0.1:1242': 0, 'enode://10@127.0.0.1:1243': 0, 'enode://11@127.0.0.1:1244': 0, 'enode://12@127.0.0.1:1245': -7, 'enode://13@127.0.0.1:1246': 0, 'enode://14@127.0.0.1:1247': -10, 'enode://15@127.0.0.1:1248': 0, 'enode://16@127.0.0.1:1249': -8, 'enode://17@127.0.0.1:1250': 0, 'enode://18@127.0.0.1:1251': 0, 'enode://19@127.0.0.1:1252': -4, 'enode://20@127.0.0.1:1253': 0}
10 1786707462.903 6526 None {'18': 339, '0': 0, '3': 375, '5': 67, '2': 407, '12': 242, '11': 140, '4': 130, '9': 0, '6': 460, '14': 905, '19': 831, '20': 125, '17': 174, '7': 1234, '16': 314, '1': 121, '15': 0, '13': 6, '10': 222, '8': 23} {'enode://1@127.0.0.1:1234': -1, 'enode://2@127.0.0.1:1235': -8, 'enode://3@127.0.0.1:1236': 0, 'enode://4@127.0.0.1:1237': 0, 'enode://5@127.0.0.1:1238': -4, 'enode://6@127.0.0.1:1239': -2, 'enode://7@127.0.0.1:1240': -5, 'enode://8@127.0.0.1:1241': 0, 'enode://9@127.0.0.1:1242': -10, 'enode://10@127.0.0.1:1243': 0, 'enode://11@127.0.0.1:1244': 0, 'enode://12@127.0.0.1:1245': -6, 'enode://13@127.0.0.1:1246': 0, 'enode://14@127.0.0.1:1247': -9, 'enode://15@127.0.0.1:1248': 0, 'enode://16@127.0.0.1:1249': -7, 'enode://17@127.0.0.1:1250': 0, 'enode://18@127.0.0.1:1251': 0, 'enode://19@127.0.0.1:1252': -3, 'enode://20@127.0.0.1:1253': 0}
10 1786707462.903 6584 None {'18': 339, '0': 0, '3': 375, '5': 67, '2': 407, '12': 242, '11': 140, '4': 130, '9': 385, '6': 460, '14': 905, '19': 831, '20': 125, '17': 174, '7': 1234, '16': 314, '1': 121, '15': 0, '13': 6, '10': 222, '8': 23} {'enode://1@127.0.0.1:1234': 0, 'enode://2@127.0.0.1:1235': -7, 'enode://3@127.0.0.1:1236': 0, 'enode://4@127.0.0.1:1237': 0, 'enode://5@127.0.0.1:1238': -3, 'enode://6@127.0.0.1:1239': -1, 'enode://7@127.0.0.1:1240': -4, 'enode://8@127.0.0.1:1241': 0, 'enode://9@127.0.0.1:1242': -9, 'enode://10@127.0.0.1:1243': 0, 'enode://11@127.0.0.1:1244': 0, 'enode://12@127.0.0.1:1245': -5, 'enode://13@127.0.0.1:1246': 0, 'enode://14@127.0.0.1:1247': -8, 'enode://15@127.0.0.1:1248': 0, 'enode://16@127.0.0.1:1249': -6, 'enode://17@127.0.0.1:1250': 0, 'enode://18@127.0.0.1:1251': 0, 'enode://19@127.0.0.1:1252': -2, 'enode://20@127.0.0.1:1253': -10}
10 1786707462.903 6901 None {'18': 339, '0': 0, '3': 375, '5': 67, '2': 407, '12': 242, '11': 140, '4': 130, '9': 385, '6': 460, '14': 905, '19': 831, '20': 182, '17': 174, '7': 1234, '16': 314, '1': 121, '15': 0, '13': 6, '10': 222, '8': 23} {'enode://1@127.0.0.1:1234': 0, 'enode://2@127.0.0.1:1235': -6, 'enode://3@127.0.0.1:1236': 0, 'enode://4@127.0.0.1:1237': 0, 'enode://5@127.0.0.1:1238': -2, 'enode://6@127.0.0.1:1239': 0, 'enode://7@127.0.0.1:1240': -3, 'enode://8@127.0.0.1:1241': 0, 'enode://9@127.0.0.1:1242': -8, 'enode://10@127.0.0.1:1243': -10, 'enode://11@127.0.0.1:1244': 0, 'enode://12@127.0.0.1:1245': -4, 'enode://13@127.0.0.1:1246': 0, 'enode://14@127.0.0.1:1247': -7, 'enode://15@127.0.0.1:1248': 0, 'enode://16@127.0.0.1:1249': -5, 'enode://17@127.0.0.1:1250': 0, 'enode://18@127.0.0.1:1251': 0, 'enode://19@127.0.0.1:1252': -1, 'enode://20@127.0.0.1:1253': -9}
10 1786707462.903 6956 None {'18': 339, '0': 0, '3': 375, '5': 67, '2': 407, '12': 242, '11': 140, '4': 130, '9': 385, '6': 460, '14': 905, '19': 831, '20': 182, '17': 174, '7': 1234, '16': 314, '1': 121, '15': 0, '13': 6, '10': 538, '8': 23} {'enode://1@127.0.0.1:1234': 0, 'enode://2@127.0.0.1:1235': -5, 'enode://3@127.0.0.1:1236': 0, 'enode://4@127.0.0.1:1237': 0, 'enode://5@127.0.0.1:1238': -1, 'enode://6@127.0.0.1:1239': 0, 'enode://7@127.0.0.1:1240': -2, 'enode://8@127.0.0.1:1241': -10, 'enode://9@127.0.0.1:1242': -7, 'enode://10@127.0.0.1:1243': -9, 'enode://11@127.0.0.1:1244': 0, 'enode://12@127.0.0.1:1245': -3, 'enode://13@127.0.0.1:1246': 0, 'enode://14@127.0.0.1:1247': -6, 'enode://15@127.0.0.1:1248': 0, 'enode://16@127.0.0.1:1249': -4, 'enode://17@127.0.0.1:1250': 0, 'enode://18@127.0.0.1:1251': 0, 'enode://19@127.0.0.1:1252': 0, 'enode://20@127.0.0.1:1253': -8}
10 1786707462.903 7018 None {'18': 339, '0': 0, '3': 375, '5': 67, '2': 407, '12': 242, '11': 140, '4': 130, '9': 385, '6': 460, '14': 905, '19': 831, '20': 182, '17': 174, '7': 1234, '16': 314, '1': 121, '15': 0, '13': 6, '10': 538, '8': 77} {'enode://1@127.0.0.1:1234': 0, 'enode://2@127.0.0.1:1235': -4, 'enode://3@127.0.0.1:1236': 0, 'enode://4@127.0.0.1:1237': 0, 'enode://5@127.0.0.1:1238': 0, 'enode://6@127.0.0.1:1239': -10, 'enode://7@127.0.0.1:1240': -1, 'enode://8@127.0.0.1:1241': -9, 'enode://9@127.0.0.1:1242': -6, 'enode://10@127.0.0.1:1243': -8, 'enode://11@127.0.0.1:1244': 0, 'enode://12@127.0.0.1:1245': -2, 'enode://13@127.0.0.1:1246': 0, 'enode://14@127.0.0.1:1247': -5, 'enode://15@127.0.0.1:1248': 0, 'enode://16@127.0.0.1:1249': -3, 'enode://17@127.0.0.1:1250': 0, 'enode://18@127.0.0.1:1251': 0, 'enode://19@127.0.0.1:1252': 0, 'enode://20@127.0.0.1:1253': -7}
10 1786707462.903 7056 None {'18': 339, '0': 0, '3': 375, '5': 67, '2': 407, '12': 242, '11': 140, '4': 130, '9': 385, '6': 521, '14': 905, '19': 831, '20': 182, '17': 174, '7': 1234, '16': 314, '1': 121, '15': 0, '13': 6, '10': 538, '8': 77} {'enode://1@127.0.0.1:1234': 0, 'enode://2@127.0.0.1:1235': -3, 'enode://3@127.0.0.1:1236': 0, 'enode://4@127.0.0.1:1237': 0, 'enode://5@127.0.0.1:1238': 0, 'enode://6@127.0.0.1:1239': -9, 'enode://7@127.0.0.1:1240': 0, 'enode://8@127.0.0.1:1241': -8, 'enode://9@127.0.0.1:1242': -5, 'enode://10@127.0.0.1:1243': -7, 'enode://11@127.0.0.1:1244': -10, 'enode://12@127.0.0.1:1245': -1, 'enode://13@127.0.0.1:1246': 0, 'enode://14@127.0.0.1:1247': -4, 'enode://15@127.0.0.1:1248': 0, 'enode://16@127.0.0.1:1249': -2, 'enode://17@127.0.0.1:1250': 0, 'enode://18@127.0.0.1:1251': 0, 'enode://19@127.0.0.1:1252': 0, 'enode://20@127.0.0.1:1253': -6}
10 1786707462.903 7072 None {'18': 339, '0': 0, '3': 375, '5': 67, '2': 407, '12': 242, '11': 177, '4': 130, '9': 385, '6': 521, '14': 905, '19': 831, '20': 182, '17': 174, '7': 1234, '16': 314, '1': 121, '15': 0, '13': 6, '10': 538, '8': 77} {'enode://1@127.0.0.1:1234': 0, 'enode://2@127.0.0.1:1235': -2, 'enode://3@127.0.0.1:1236': 0, 'enode://4@127.0.0.1:1237': 0, 'enode://5@127.0.0.1:1238': 0, 'enode://6@127.0.0.1:1239': -8, 'enode://7@127.0.0.1:1240': 0, 'enode://8@127.0.0.1:1241': -7, 'enode://9@127.0.0.1:1242': -4, 'enode://10@127.0.0.1:1243': -6, 'enode://11@127.0.0.1:1244': -9, 'enode://12@127.0.0.1:1245': 0, 'enode://13@127.0.0.1:1246': 0, 'enode://14@127.0.0.1:1247': -3, 'enode://15@127.0.0.1:1248': 0, 'enode://16@127.0.0.1:1249': -1, 'enode://17@127.0.0.1:1250': 0, 'enode://18@127.0.0.1:1251': 0, 'enode://19@127.0.0.1:1252': -10, 'enode://20@127.0.0.1:1253': -5}
10 1786707462.903 7612 None {'18': 339, '0': 0, '3': 375, '5': 67, '2': 407, '12': 242, '11': 177, '4': 130, '9': 385, '6': 521, '14': 905, '19': 846, '20': 182, '17': 174, '7': 1234, '16': 314, '1': 121, '15': 0, '13': 6, '10': 538, '8': 77} {'enode://1@127.0.0.1:1234': 0, 'enode://2@127.0.0.1:1235': -1, 'enode://3@127.0.0.1:1236': 0, 'enode://4@127.0.0.1:1237': 0, 'enode://5@127.0.0.1:1238': 0, 'enode://6@127.0.0.1:1239': -7, 'enode://7@127.0.0.1:1240': 0, 'enode://8@127.0.0.1:1241': -6, 'enode://9@127.0.0.1:1242': -3, 'enode://10@127.0.0.1:1243': -5, 'enode://11@127.0.0.1:1244': -8, 'enode://12@127.0.0.1:1245': 0, 'enode://13@127.0.0.1:1246': 0, 'enode://14@127.0.0.1:1247': -2, 'enode://15@127.0.0.1:1248': -10, 'enode://16@127.0.0.1:1249': 0, 'enode://17@127.0.0.1:1250': 0, 'enode://18@127.0.0.1:1251': 0, 'enode://19@127.0.0.1:1252': -9, 'enode://20@127.0.0.1:1253': -4}
10 1786707462.903 7718 None {'18': 339, '0': 0, '3': 375, '5': 67, '2': 407, '12': 242, '11': 177, '4': 130, '9': 385, '6': 521, '14': 905, '19': 846, '20': 182, '17': 174, '7': 1234, '16': 314, '1': 121, '15': 539, '13': 6, '10': 538, '8': 77} {'enode://1@127.0.0.1:1234': 0, 'enode://2@127.0.0.1:1235': 0, 'enode://3@127.0.0.1:1236': 0, 'enode://4@127.0.0.1:1237': 0, 'enode://5@127.0.0.1:1238': 0, 'enode://6@127.0.0.1:1239': -6, 'enode://7@127.0.0.1:1240': 0, 'enode://8@127.0.0.1:1241': -5, 'enode://9@127.0.0.1:1242': -2, 'enode://10@127.0.0.1:1243': -4, 'enode://11@127.0.0.1:1244': -7, 'enode://12@127.0.0.1:1245': 0, 'enode://13@127.0.0.1:1246': 0, 'enode://14@127.0.0.1:1247': -1, 'enode://15@127.0.0.1:1248': -9, 'enode://16@127.0.0.1:1249': 0, 'enode://17@127.0.0.1:1250': 0, 'enode://18@127.0.0.1:1251': -10, 'enode://19@127.0.0.1:1252': -8, 'enode://20@127.0.0.1:1253': -3}
10 1786707462.903 7968 None {'18': 444, '0': 0, '3': 375, '5': 67, '2': 407, '12': 242, '11': 177, '4': 130, '9': 385, '6': 521, '14': 905, '19': 846, '20': 182, '17': 174, '7': 1234, '16': 314, '1': 121, '15': 539, '13': 6, '10': 538, '8': 77} {'enode://1@127.0.0.1:1234': 0, 'enode://2@127.0.0.1:1235': 0, 'enode://3@127.0.0.1:1236': -10, 'enode://4@127.0.0.1:1237': 0, 'enode://5@127.0.0.1:1238': 0, 'enode://6@127.0.0.1:1239': -5, 'enode://7@127.0.0.1:1240': 0, 'enode://8@127.0.0.1:1241': -4, 'enode://9@127.0.0.1:1242': -1, 'enode://10@127.0.0.1:1243': -3, 'enode://11@127.0.0.1:1244': -6, 'enode://12@127.0.0.1:1245': 0, 'enode://13@127.0.0.1:1246': 0, 'enode://14@127.0.0.1:1247': 0, 'enode://15@127.0.0.1:1248': -8, 'enode://16@127.0.0.1:1249': 0, 'enode://17@127.0.0.1:1250': 0, 'enode://18@127.0.0.1:1251': -9, 'enode://19@127.0.0.1:1252': -7, 'enode://20@127.0.0.1:1253': -2}
10 1786707462.903 8366 None {'18': 444, '0': 0, '3': 624, '5': 67, '2': 407, '12': 242, '11': 177, '4': 130, '9': 385, '6': 521, '14': 905, '19': 846, '20': 182, '17': 174, '7': 1234, '16': 314, '1': 121, '15': 539, '13': 6, '10': 538, '8': 77} {'enode://1@127.0.0.1:1234': 0, 'enode://2@127.0.0.1:1235': 0, 'enode://3@127.0.0.1:1236': -9, 'enode://4@127.0.0.1:1237': 0, 'enode://5@127.0.0.1:1238': -10, 'enode://6@127.0.0.1:1239': -4, 'enode://7@127.0.0.1:1240': 0, 'enode://8@127.0.0.1:1241': -3, 'enode://9@127.0.0.1:1242': 0, 'enode://10@127.0.0.1:1243': -2, 'enode://11@127.0.0.1:1244': -5, 'enode://12@127.0.0.1:1245': 0, 'enode://13@127.0.0.1:1246': 0, 'enode://14@127.0.0.1:1247': 0, 'enode://15@127.0.0.1:1248': -7, 'enode://16@127.0.0.1:1249': 0, 'enode://17@127.0.0.1:1250': 0, 'enode://18@127.0.0.1:1251': -8, 'enode://19@127.0.0.1:1252': -6, 'enode://20@127.0.0.1:1253': -1}
10 1786707462.904 8606 None {'18': 444, '0': 0, '3': 624, '5': 464, '2': 407, '12': 242, '11': 177, '4': 130, '9': 385, '6': 521, '14': 905, '19': 846, '20': 182, '17': 174, '7': 1234, '16': 314, '1': 121, '15': 539, '13': 6, '10': 538, '8': 77} {'enode://1@127.0.0.1:1234': 0, 'enode://2@127.0.0.1:1235': 0, 'enode://3@127.0.0.1:1236': -8, 'enode://4@127.0.0.1:1237': 0, 'enode://5@127.0.0.1:1238': -9, 'enode://6@127.0.0.1:1239': -3, 'enode://7@127.0.0.1:1240': 0, 'enode://8@127.0.0.1:1241': -2, 'enode://9@127.0.0.1:1242': -10, 'enode://10@127.0.0.1:1243': -1, 'enode://11@127.0.0.1:1244': -4, 'enode://12@127.0.0.1:1245': 0, 'enode://13@127.0.0.1:1246': 0, 'enode://14@127.0.0.1:1247': 0, 'enode://15@127.0.0.1:1248': -6, 'enode://16@127.0.0.1:1249': 0, 'enode://17@127.0.0.1:1250': 0, 'enode://18@127.0.0.1:1251': -7, 'enode://19@127.0.0.1:1252': -5, 'enode://20@127.0.0.1:1253': 0}
10 1786707462.904 8763 None {'18': 444, '0': 0, '3': 624, '5': 464, '2': 407, '12': 242, '11': 177, '4': 130, '9': 624, '6': 521, '14': 905, '19': 846, '20': 182, '17': 174, '7': 1234, '16': 314, '1': 121, '15': 539, '13': 6, '10': 538, '8': 77} {'enode://1@127.0.0.1:1234': 0, 'enode://2@127.0.0.1:1235': 0, 'enode://3@127.0.0.1:1236': -7, 'enode://4@127.0.0.1:1237': 0, 'enode://5@127.0.0.1:1238': -8, 'enode://6@127.0.0.1:1239': -2, 'enode://7@127.0.0.1:1240': 0, 'enode://8@127.0.0.1:1241': -1, 'enode://9@127.0.0.1:1242': -9, 'enode://10@127.0.0.1:1243': 0, 'enode://11@127.0.0.1:1244': -3, 'enode://12@127.0.0.1:1245': 0, 'enode://13@127.0.0.1:1246': 0, 'enode://14@127.0.0.1:1247': -10, 'enode://15@127.0.0.1:1248': -5, 'enode://16@127.0.0.1:1249': 0, 'enode://17@127.0.0.1:1250': 0, 'enode://18@127.0.0.1:1251': -6, 'enode://19@127.0.0.1:1252': -4, 'enode://20@127.0.0.1:1253': 0}
10 1786707462.904 9091 None {'18': 444, '0': 0, '3': 624, '5': 464, '2': 407, '12': 242, '11': 177, '4': 130, '9': 624, '6': 521, '14': 1061, '19': 846, '20': 182, '17': 174, '7': 1234, '16': 314, '1': 121, '15': 539, '13': 6, '10': 538, '8': 77} {'enode://1@127.0.0.1:1234': 0, 'enode://2@127.0.0.1:1235': 0, 'enode://3@127.0.0.1:1236': -6, 'enode://4@127.0.0.1:1237': 0, 'enode://5@127.0.0.1:1238': -7, 'enode://6@127.0.0.1:1239': -1, 'enode://7@127.0.0.1:1240': 0, 'enode://8@127.0.0.1:1241': 0, 'enode://9@127.0.0.1:1242': -8, 'enode://10@127.0.0.1:1243': 0, 'enode://11@127.0.0.1:1244': -2, 'enode://12@127.0.0.1:1245': 0, 'enode://13@127.0.0.1:1246': 0, 'enode://14@127.0.0.1:1247': -9, 'enode://15@127.0.0.1:1248': -4, 'enode://16@127.0.0.1:1249': 0, 'enode://17@127.0.0.1:1250': 0, 'enode://18@127.0.0.1:1251': -5, 'enode://19@127.0.0.1:1252': -3, 'enode://20@127.0.0.1:1253': -10}
10 1786707462.904 9132 None {'18': 444, '0': 0, '3': 624, '5': 464, '2': 407, '12': 242, '11': 177, '4': 130, '9': 624, '6': 521, '14': 1061, '19': 846, '20': 509, '17': 174, '7': 1234, '16': 314, '1': 121, '15': 539, '13': 6, '10': 538, '8': 77} {'enode://1@127.0.0.1:1234': 0, 'enode://2@127.0.0.1:1235': 0, 'enode://3@127.0.0.1:1236': -5, 'enode://4@127.0.0.1:1237': 0, 'enode://5@127.0.0.1:1238': -6, 'enode://6@127.0.0.1:1239': 0, 'enode://7@127.0.0.1:1240': 0, 'enode://8@127.0.0.1:1241': -10, 'enode://9@127.0.0.1:1242': -7, 'enode://10@127.0.0.1:1243': 0, 'enode://11@127.0.0.1:1244': -1, 'enode://12@127.0.0.1:1245': 0, 'enode://13@127.0.0.1:1246': 0, 'enode://14@127.0.0.1:1247': -8, 'enode://15@127.0.0.1:1248': -3, 'enode://16@127.0.0.1:1249': 0, 'enode://17@127.0.0.1:1250': 0, 'enode://18@127.0.0.1:1251': -4, 'enode://19@127.0.0.1:1252': -2, 'enode://20@127.0.0.1:1253': -9}
10 1786707462.904 9492 None {'18': 444, '0': 0, '3': 624, '5': 464, '2': 407, '12': 242, '11': 177, '4': 130, '9': 624, '6': 521, '14': 1061, '19': 846, '20': 509, '17': 174, '7': 1234, '16': 314, '1': 121, '15': 539, '13': 6, '10': 538, '8': 117} {'enode://1@127.0.0.1:1234': 0, 'enode://2@127.0.0.1:1235': 0, 'enode://3@127.0.0.1:1236': -4, 'enode://4@127.0.0.1:1237': 0, 'enode://5@127.0.0.1:1238': -5, 'enode://6@127.0.0.1:1239': -10, 'enode://7@127.0.0.1:1240': 0, 'enode://8@127.0.0.1:1241': -9, 'enode://9@127.0.0.1:1242': -6, 'enode://10@127.0.0.1:1243': 0, 'enode://11@127.0.0.1:1244': 0, 'enode://12@127.0.0.1:1245': 0, 'enode://13@127.0.0.1:1246': 0, 'enode://14@127.0.0.1:1247': -7, 'enode://15@127.0.0.1:1248': -2, 'enode://16@127.0.0.1:1249': 0, 'enode://17@127.0.0.1:1250': 0, 'enode://18@127.0.0.1:1251': -3, 'enode://19@127.0.0.1:1252': -1, 'enode://20@127.0.0.1:1253': -8}
10 1786707462.904 10130 None {'18': 444, '0': 0, '3': 624, '5': 464, '2': 407, '12': 242, '11': 177, '4': 130, '9': 624, '6': 880, '14': 1061, '19': 846, '20': 509, '17': 174, '7': 1234, '16': 314, '1': 121, '15': 539, '13': 6, '10': 538, '8': 117} {'enode://1@127.0.0.1:1234': 0, 'enode://2@127.0.0.1:1235': -10, 'enode://3@127.0.0.1:1236': -3, 'enode://4@127.0.0.1:1237': 0, 'enode://5@127.0.0.1:1238': -4, 'enode://6@127.0.0.1:1239': -9, 'enode://7@127.0.0.1:1240': 0, 'enode://8@127.0.0.1:1241': -8, 'enode://9@127.0.0.1:1242': -5, 'enode://10@127.0.0.1:1243': 0, 'enode://11@127.0.0.1:1244': 0, 'enode://12@127.0.0.1:1245': 0, 'enode://13@127.0.0.1:1246': 0, 'enode://14@127.0.0.1:1247': -6, 'enode://15@127.0.0.1:1248': -1, 'enode://16@127.0.0.1:1249': 0, 'enode://17@127.0.0.1:1250': 0, 'enode://18@127.0.0.1:1251': -2, 'enode://19@127.0.0.1:1252': 0, 'enode://20@127.0.0.1:1253': -7}
10 1786707462.904 10177 None {'18': 444, '0': 0, '3': 624, '5': 464, '2': 1044, '12': 242, '11': 177, '4': 130, '9': 624, '6': 880, '14': 1061, '19': 846, '20': 509, '17': 174, '7': 1234, '16': 314, '1': 121, '15': 539, '13': 6, '10': 538, '8': 117} {'enode://1@127.0.0.1:1234': 0, 'enode://2@127.0.0.1:1235': -9, 'enode://3@127.0.0.1:1236': -2, 'enode://4@127.0.0.1:1237': 0, 'enode://5@127.0.0.1:1238': -3, 'enode://6@127.0.0.1:1239': -8, 'enode://7@127.0.0.1:1240': 0, 'enode://8@127.0.0.1:1241': -7, 'enode://9@127.0.0.1:1242': -4, 'enode://10@127.0.0.1:1243': 0, 'enode://11@127.0.0.1:1244': 0, 'enode://12@127.0.0.1:1245': -10, 'enode://13@127.0.0.1:1246': 0, 'enode://14@127.0.0.1:1247': -5, 'enode://15@127.0.0.1:1248': 0, 'enode://16@127.0.0.1:1249': 0, 'enode://17@127.0.0.1:1250': 0, 'enode://18@127.0.0.1:1251': -1, 'enode://19@127.0.0.1:1252': 0, 'enode://20@127.0.0.1:1253': -6}
10 1786707462.904 10280 None {'18': 444, '0': 0, '3': 624, '5': 464, '2': 1044, '12': 288, '11': 177, '4': 130, '9': 624, '6': 880, '14': 1061, '19': 846, '20': 509, '17': 174, '7': 1234, '16': 314, '1': 121, '15': 539, '13': 6, '10': 538, '8': 117} {'enode://1@127.0.0.1:1234': 0, 'enode://2@127.0.0.1:1235': -8, 'enode://3@127.0.0.1:1236': -1, 'enode://4@127.0.0.1:1237': 0, 'enode://5@127.0.0.1:1238': -2, 'enode://6@127.0.0.1:1239': -7, 'enode://7@127.0.0.1:1240': 0, 'enode://8@127.0.0.1:1241': -6, 'enode://9@127.0.0.1:1242': -3, 'enode://10@127.0.0.1:1243': 0, 'enode://11@127.0.0.1:1244': 0, 'enode://12@127.0.0.1:1245': -9, 'enode://13@127.0.0.1:1246': -10, 'enode://14@127.0.0.1:1247': -4, 'enode://15@127.0.0.1:1248': 0, 'enode://16@127.0.0.1:1249': 0, 'enode://17@127.0.0.1:1250': 0, 'enode://18@127.0.0.1:1251': 0, 'enode://19@127.0.0.1:1252': 0, 'enode://20@127.0.0.1:1253': -5}
10 1786707462.904 10593 None {'18': 444, '0': 0, '3': 624, '5': 464, '2': 1044, '12': 288, '11': 177, '4': 130, '9': 624, '6': 880, '14': 1061, '19': 846, '20': 509, '17': 174, '7': 1234, '16': 314, '1': 121, '15': 539, '13': 108, '10': 538, '8': 117} {'enode://1@127.0.0.1:1234': 0, 'enode://2@127.0.0.1:1235': -7, 'enode://3@127.0.0.1:1236': 0, 'enode://4@127.0.0.1:1237': 0, 'enode://5@127.0.0.1:1238': -1, 'enode://6@127.0.0.1:1239': -6, 'enode://7@127.0.0.1:1240': 0, 'enode://8@127.0.0.1:1241': -5, 'enode://9@127.0.0.1:1242': -2, 'enode://10@127.0.0.1:1243': 0, 'enode://11@127.0.0.1:1244': -10, 'enode://12@127.0.0.1:1245': -8, 'enode://13@127.0.0.1:1246': -9, 'enode://14@127.0.0.1:1247': -3, 'enode://15@127.0.0.1:1248': 0, 'enode://16@127.0.0.1:1249': 0, 'enode://17@127.0.0.1:1250': 0, 'enode://18@127.0.0.1:1251': 0, 'enode://19@127.0.0.1:1252': 0, 'enode://20@127.0.0.1:1253': -4}
10 1786707462.904 10691 None {'18': 444, '0': 0, '3': 624, '5': 464, '2': 1044, '12': 288, '11': 489, '4': 130, '9': 624, '6': 880, '14': 1061, '19': 846, '20': 509, '17': 174, '7': 1234, '16': 314, '1': 121, '15': 539, '13': 108, '10': 538, '8': 117} {'enode://1@127.0.0.1:1234': 0, 'enode://2@127.0.0.1:1235': -6, 'enode://3@127.0.0.1:1236': 0, 'enode://4@127.0.0.1:1237': 0, 'enode://5@127.0.0.1:1238': 0, 'enode://6@127.0.0.1:1239': -5, 'enode://7@127.0.0.1:1240': -10, 'enode://8@127.0.0.1:1241': -4, 'enode://9@127.0.0.1:1242': -1, 'enode://10@127.0.0.1:1243': 0, 'enode://11@127.0.0.1:1244': -9, 'enode://12@127.0.0.1:1245': -7, 'enode://13@127.0.0.1:1246': -8, 'enode://14@127.0.0.1:1247': -2, 'enode://15@127.0.0.1:1248': 0, 'enode://16@127.0.0.1:1249': 0, 'enode://17@127.0.0.1:1250': 0, 'enode://18@127.0.0.1:1251': 0, 'enode://19@127.0.0.1:1252': 0, 'enode://20@127.0.0.1:1253': -3}
10 1786707462.904 10989 None {'18': 444, '0': 0, '3': 624, '5': 464, '2': 1044, '12': 288, '11': 489, '4': 130, '9': 624, '6': 880, '14': 1061, '19': 846, '20': 509, '17': 174, '7': 1331, '16': 314, '1': 121, '15': 539, '13': 108, '10': 538, '8': 117} {'enode://1@127.0.0.1:1234': 0, 'enode://2@127.0.0.1:1235': -5, 'enode://3@127.0.0.1:1236': 0, 'enode://4@127.0.0.1:1237': -10, 'enode://5@127.0.0.1:1238': 0, 'enode://6@127.0.0.1:1239': -4, 'enode://7@127.0.0.1:1240': -9, 'enode://8@127.0.0.1:1241': -3, 'enode://9@127.0.0.1:1242': 0, 'enode://10@127.0.0.1:1243': 0, 'enode://11@127.0.0.1:1244': -8, 'enode://12@127.0.0.1:1245': -6, 'enode://13@127.0.0.1:1246': -7, 'enode://14@127.0.0.1:1247': -1, 'enode://15@127.0.0.1:1248': 0, 'enode://16@127.0.0.1:1249': 0, 'enode://17@127.0.0.1:1250': 0, 'enode://18@127.0.0.1:1251': 0, 'enode://19@127.0.0.1:1252': 0, 'enode://20@127.0.0.1:1253': -2}
10 1786707462.904 11038 None {'18': 444, '0': 0, '3': 624, '5': 464, '2': 1044, '12': 288, '11': 489, '4': 427, '9': 624, '6': 880, '14': 1061, '19': 846, '20': 509, '17': 174, '7': 1331, '16': 314, '1': 121, '15': 539, '13': 108, '10': 538, '8': 117} {'enode://1@127.0.0.1:1234': 0, 'enode://2@127.0.0.1:1235': -4, 'enode://3@127.0.0.1:1236': 0, 'enode://4@127.0.0.1:1237': -9, 'enode://5@127.0.0.1:1238': 0, 'enode://6@127.0.0.1:1239': -3, 'enode://7@127.0.0.1:1240': -8, 'enode://8@127.0.0.1:1241': -2, 'enode://9@127.0.0.1:1242': 0, 'enode://10@127.0.0.1:1243': -10, 'enode://11@127.0.0.1:1244': -7, 'enode://12@127.0.0.1:1245': -5, 'enode://13@127.0.0.1:1246': -6, 'enode://14@127.0.0.1:1247': 0, 'enode://15@127.0.0.1:1248': 0, 'enode://16@127.0.0.1:1249': 0, 'enode://17@127.0.0.1:1250': 0, 'enode://18@127.0.0.1:1251': 0, 'enode://19@127.0.0.1:1252': 0, 'enode://20@127.0.0.1:1253': -1}
10 1786707462.904 11078 None {'18': 444, '0': 0, '3': 624, '5': 464, '2': 1044, '12': 288, '11': 489, '4': 427, '9': 624, '6': 880, '14': 1061, '19': 846, '20': 509, '17': 174, '7': 1331, '16': 314, '1': 121, '15': 539, '13': 108, '10': 586, '8': 117} {'enode://1@127.0.0.1:1234': 0, 'enode://2@127.0.0.1:1235': -3, 'enode://3@127.0.0.1:1236': 0, 'enode://4@127.0.0.1:1237': -8, 'enode://5@127.0.0.1:1238': 0, 'enode://6@127.0.0.1:1239': -2, 'enode://7@127.0.0.1:1240': -7, 'enode://8@127.0.0.1:1241': -1, 'enode://9@127.0.0.1:1242': -10, 'enode://10@127.0.0.1:1243': -9, 'enode://11@127.0.0.1:1244': -6, 'enode://12@127.0.0.1:1245': -4, 'enode://13@127.0.0.1:1246': -5, 'enode://14@127.0.0.1:1247': 0, 'enode://15@127.0.0.1:1248': 0, 'enode://16@127.0.0.1:1249': 0, 'enode://17@127.0.0.1:1250': 0, 'enode://18@127.0.0.1:1251': 0, 'enode://19@127.0.0.1:1252': 0, 'enode://20@127.0.0.1:1253': 0}
10 1786707462.904 11429 None {'18': 444, '0': 0, '3': 624, '5': 464, '2': 1044, '12': 288, '11': 489, '4': 427, '9': 663, '6': 880, '14': 1061, '19': 846, '20': 509, '17': 174, '7': 1331, '16': 314, '1': 121, '15': 539, '13': 108, '10': 586, '8': 117} {'enode://1@127.0.0.1:1234': 0, 'enode://2@127.0.0.1:1235': -2, 'enode://3@127.0.0.1:1236': -10, 'enode://4@127.0.0.1:1237': -7, 'enode://5@127.0.0.1:1238': 0, 'enode://6@127.0.0.1:1239': -1, 'enode://7@127.0.0.1:1240': -6, 'enode://8@127.0.0.1:1241': 0, 'enode://9@127.0.0.1:1242': -9, 'enode://10@127.0.0.1:1243': -8, 'enode://11@127.0.0.1:1244': -5, 'enode://12@127.0.0.1:1245': -3, 'enode://13@127.0.0.1:1246': -4, 'enode://14@127.0.0.1:1247': 0, 'enode://15@127.0.0.1:1248': 0, 'enode://16@127.0.0.1:1249': 0, 'enode://17@127.0.0.1:1250': 0, 'enode://18@127.0.0.1:1251': 0, 'enode://19@127.0.0.1:1252': 0, 'enode://20@127.0.0.1:1253': 0}
10 1786707462.905 12090 None {'18': 444, '0': 0, '3': 974, '5': 464, '2': 1044, '12': 288, '11': 489, '4': 427, '9': 663, '6': 880, '14': 1061, '19': 846, '20': 509, '17': 174, '7': 1331, '16': 314, '1': 121, '15': 539, '13': 108, '10': 586, '8': 117} {'enode://1@127.0.0.1:1234': 0, 'enode://2@127.0.0.1:1235': -1, 'enode://3@127.0.0.1:1236': -9, 'enode://4@127.0.0.1:1237': -6, 'enode://5@127.0.0.1:1238': 0, 'enode://6@127.0.0.1:1239': 0, 'enode://7@127.0.0.1:1240': -5, 'enode://8@127.0.0.1:1241': -10, 'enode://9@127.0.0.1:1242': -8, 'enode://10@127.0.0.1:1243': -7, 'enode://11@127.0.0.1:1244': -4, 'enode://12@127.0.0.1:1245': -2, 'enode://13@127.0.0.1:1246': -3, 'enode://14@127.0.0.1:1247': 0, 'enode://15@127.0.0.1:1248': 0, 'enode://16@127.0.0.1:1249': 0, 'enode://17@127.0.0.1:1250': 0, 'enode://18@127.0.0.1:1251': 0, 'enode://19@127.0.0.1:1252': 0, 'enode://20@127.0.0.1:1253': 0}
10 1786707462.905 12433 None {'18': 444, '0': 0, '3': 974, '5': 464, '2': 1044, '12': 288, '11': 489, '4': 427, '9': 663, '6': 880, '14': 1061, '19': 846, '20': 509, '17': 174, '7': 1331, '16': 314, '1': 121, '15': 539, '13': 108, '10': 586, '8': 777} {'enode://1@127.0.0.1:1234': 0, 'enode://2@127.0.0.1:1235': 0, 'enode://3@127.0.0.1:1236': -8, 'enode://4@127.0.0.1:1237': -5, 'enode://5@127.0.0.1:1238': -10, 'enode://6@127.0.0.1:1239': 0, 'enode://7@127.0.0.1:1240': -4, 'enode://8@127.0.0.1:1241': -9, 'enode://9@127.0.0.1:1242': -7, 'enode://10@127.0.0.1:1243': -6, 'enode://11@127.0.0.1:1244': -3, 'enode://12@127.0.0.1:1245': -1, 'enode://13@127.0.0.1:1246': -2, 'enode://14@127.0.0.1:1247': 0, 'enode://15@127.0.0.1:1248': 0, 'enode://16@127.0.0.1:1249': 0, 'enode://17@127.0.0.1:1250': 0, 'enode://18@127.0.0.1:1251': 0, 'enode://19@127.0.0.1:1252': 0, 'enode://20@127.0.0.1:1253': 0}
10 1786707462.905 12588 None {'18': 444, '0': 0, '3': 974, '5': 806, '2': 1044, '12': 288, '11': 489, '4': 427, '9': 663, '6': 880, '14': 1061, '19': 846, '20': 509, '17': 174, '7': 1331, '16': 314, '1': 121, '15': 539, '13': 108, '10': 586, '8': 777} {'enode://1@127.0.0.1:1234': 0, 'enode://2@127.0.0.1:1235': 0, 'enode://3@127.0.0.1:1236': -7, 'enode://4@127.0.0.1:1237': -4, 'enode://5@127.0.0.1:1238': -9, 'enode://6@127.0.0.1:1239': 0, 'enode://7@127.0.0.1:1240': -3, 'enode://8@127.0.0.1:1241': -8, 'enode://9@127.0.0.1:1242': -6, 'enode://10@127.0.0.1:1243': -5, 'enode://11@127.0.0.1:1244': -2, 'enode://12@127.0.0.1:1245': 0, 'enode://13@127.0.0.1:1246': -1, 'enode://14@127.0.0.1:1247': 0, 'enode://15@127.0.0.1:1248': 0, 'enode://16@127.0.0.1:1249': -10, 'enode://17@127.0.0.1:1250': 0, 'enode://18@127.0.0.1:1251': 0, 'enode://19@127.0.0.1:1252': 0, 'enode://20@127.0.0.1:1253': 0}
10 1786707462.905 12740 None {'18': 444, '0': 0, '3': 974, '5': 806, '2': 1044, '12': 288, '11': 489, '4': 427, '9': 663, '6': 880, '14': 1061, '19': 846, '20': 509, '17': 174, '7': 1331, '16': 468, '1': 121, '15': 539, '13': 108, '10': 586, '8': 777} {'enode://1@127.0.0.1:1234': 0, 'enode://2@127.0.0.1:1235': 0, 'enode://3@127.0.0.1:1236': -6, 'enode://4@127.0.0.1:1237': -3, 'enode://5@127.0.0.1:1238': -8, 'enode://6@127.0.0.1:1239': 0, 'enode://7@127.0.0.1:1240': -2, 'enode://8@127.0.0.1:1241': -7, 'enode://9@127.0.0.1:1242': -5, 'enode://10@127.0.0.1:1243': -4, 'enode://11@127.0.0.1:1244': -1, 'enode://12@127.0.0.1:1245': 0, 'enode://13@127.0.0.1:1246': 0, 'enode://14@127.0.0.1:1247': 0, 'enode://15@127.0.0.1:1248': 0, 'enode://16@127.0.0.1:1249': -9, 'enode://17@127.0.0.1:1250': -10, 'enode://18@127.0.0.1:1251': 0, 'enode://19@127.0.0.1:1252': 0, 'enode://20@127.0.0.1:1253': 0}
10 1786707462.905 13502 None {'18': 444, '0': 0, '3': 974, '5': 806, '2': 1044, '12': 288, '11': 489, '4': 427, '9': 663, '6': 880, '14': 1061, '19': 846, '20': 509, '17': 325, '7': 1331, '16': 468, '1': 121, '15': 539, '13': 108, '10': 586, '8': 777} {'enode://1@127.0.0.1:1234': 0, 'enode://2@127.0.0.1:1235': 0, 'enode://3@127.0.0.1:1236': -5, 'enode://4@127.0.0.1:1237': -2, 'enode://5@127.0.0.1:1238': -7, 'enode://6@127.0.0.1:1239': 0, 'enode://7@127.0.0.1:1240': -1, 'enode://8@127.0.0.1:1241': -6, 'enode://9@127.0.0.1:1242': -4, 'enode://10@127.0.0.1:1243': -3, 'enode://11@127.0.0.1:1244': 0, 'enode://12@127.0.0.1:1245': 0, 'enode://13@127.0.0.1:1246': 0, 'enode://14@127.0.0.1:1247': 0, 'enode://15@127.0.0.1:1248': 0, 'enode://16@127.0.0.1:1249': -8, 'enode://17@127.0.0.1:1250': -9, 'enode://18@127.0.0.1:1251': 0, 'enode://19@127.0.0.1:1252': 0, 'enode://20@127.0.0.1:1253': -10}
10 1786707462.905 13811 None {'18': 444, '0': 0, '3': 974, '5': 806, '2': 1044, '12': 288, '11': 489, '4': 427, '9': 663, '6': 880, '14': 1061, '19': 846, '20': 1270, '17': 325, '7': 1331, '16': 468, '1': 121, '15': 539, '13': 108, '10': 586, '8': 777} {'enode://1@127.0.0.1:1234': 0, 'enode://2@127.0.0.1:1235': 0, 'enode://3@127.0.0.1:1236': -4, 'enode://4@127.0.0.1:1237': -1, 'enode://5@127.0.0.1:1238': -6, 'enode://6@127.0.0.1:1239': 0, 'enode://7@127.0.0.1:1240': 0, 'enode://8@127.0.0.1:1241': -5, 'enode://9@127.0.0.1:1242': -3, 'enode://10@127.0.0.1:1243': -2, 'enode://11@127.0.0.1:1244': 0, 'enode://12@127.0.0.1:1245': 0, 'enode://13@127.0.0.1:1246': -10, 'enode://14@127.0.0.1:1247': 0, 'enode://15@127.0.0.1:1248': 0, 'enode://16@127.0.0.1:1249': -7, 'enode://17@127.0.0.1:1250': -8, 'enode://18@127.0.0.1:1251': 0, 'enode://19@127.0.0.1:1252': 0, 'enode://20@127.0.0.1:1253': -9}
10 1786707462.905 13979 None {'18': 444, '0': 0, '3': 974, '5': 806, '2': 1044, '12': 288, '11': 489, '4': 427, '9': 663, '6': 880, '14': 1061, '19': 846, '20': 1270, '17': 325, '7': 1331, '16': 468, '1': 121, '15': 539, '13': 416, '10': 586, '8': 777} {'enode://1@127.0.0.1:1234': 0, 'enode://2@127.0.0.1:1235': 0, 'enode://3@127.0.0.1:1236': -3, 'enode://4@127.0.0.1:1237': 0, 'enode://5@127.0.0.1:1238': -5, 'enode://6@127.0.0.1:1239': 0, 'enode://7@127.0.0.1:1240': -10, 'enode://8@127.0.0.1:1241': -4, 'enode://9@127.0.0.1:1242': -2, 'enode://10@127.0.0.1:1243': -1, 'enode://11@127.0.0.1:1244': 0, 'enode://12@127.0.0.1:1245': 0, 'enode://13@127.0.0.1:1246': -9, 'enode://14@127.0.0.1:1247': 0, 'enode://15@127.0.0.1:1248': 0, 'enode://16@127.0.0.1:1249': -6, 'enode://17@127.0.0.1:1250': -7, 'enode://18@127.0.0.1:1251': 0, 'enode://19@127.0.0.1:1252': 0, 'enode://20@127.0.0.1:1253': -8}
10 1786707462.905 14112 None {'18': 444, '0': 0, '3': 974, '5': 806, '2': 1044, '12': 288, '11': 489, '4': 427, '9': 663, '6': 880, '14': 1061, '19': 846, '20': 1270, '17': 325, '7': 1498, '16': 468, '1': 121, '15': 539, '13': 416, '10': 586, '8': 777} {'enode://1@127.0.0.1:1234': 0, 'enode://2@127.0.0.1:1235': 0, 'enode://3@127.0.0.1:1236': -2, 'enode://4@127.0.0.1:1237': -10, 'enode://5@127.0.0.1:1238': -4, 'enode://6@127.0.0.1:1239': 0, 'enode://7@127.0.0.1:1240': -9, 'enode://8@127.0.0.1:1241': -3, 'enode://9@127.0.0.1:1242': -1, 'enode://10@127.0.0.1:1243': 0, 'enode://11@127.0.0.1:1244': 0, 'enode://12@127.0.0.1:1245': 0, 'enode://13@127.0.0.1:1246': -8, 'enode://14@127.0.0.1:1247': 0, 'enode://15@127.0.0.1:1248': 0, 'enode://16@127.0.0.1:1249': -5, 'enode://17@127.0.0.1:1250': -6, 'enode://18@127.0.0.1:1251': 0, 'enode://19@127.0.0.1:1252': 0, 'enode://20@127.0.0.1:1253': -7}
10 1786707462.905 14469 None {'18': 444, '0': 0, '3': 974, '5': 806, '2': 1044, '12': 288, '11': 489, '4': 559, '9': 663, '6': 880, '14': 1061, '19': 846, '20': 1270, '17': 325, '7': 1498, '16': 468, '1': 121, '15': 539, '13': 416, '10': 586, '8': 777} {'enode://1@127.0.0.1:1234': 0, 'enode://2@127.0.0.1:1235': 0, 'enode://3@127.0.0.1:1236': -1, 'enode://4@127.0.0.1:1237': -9, 'enode://5@127.0.0.1:1238': -3, 'enode://6@127.0.0.1:1239': 0, 'enode://7@127.0.0.1:1240': -8, 'enode://8@127.0.0.1:1241': -2, 'enode://9@127.0.0.1:1242': 0, 'enode://10@127.0.0.1:1243': 0, 'enode://11@127.0.0.1:1244': -10, 'enode://12@127.0.0.1:1245': 0, 'enode://13@127.0.0.1:1246': -7, 'enode://14@127.0.0.1:1247': 0, 'enode://15@127.0.0.1:1248': 0, 'enode://16@127.0.0.1:1249': -4, 'enode://17@127.0.0.1:1250': -5, 'enode://18@127.0.0.1:1251': 0, 'enode://19@127.0.0.1:1252': 0, 'enode://20@127.0.0.1:1253': -6}
10 1786707462.905 14511 None {'18': 444, '0': 0, '3': 974, '5': 806, '2': 1044, '12': 288, '11': 845, '4': 559, '9': 663, '6': 880, '14': 1061, '19': 846, '20': 1270, '17': 325, '7': 1498, '16': 468, '1': 121, '15': 539, '13': 416, '10': 586, '8': 777} {'enode://1@127.0.0.1:1234': 0, 'enode://2@127.0.0.1:1235': 0, 'enode://3@127.0.0.1:1236': 0, 'enode://4@127.0.0.1:1237': -8, 'enode://5@127.0.0.1:1238': -2, 'enode://6@127.0.0.1:1239': 0, 'enode://7@127.0.0.1:1240': -7, 'enode://8@127.0.0.1:1241': -1, 'enode://9@127.0.0.1:1242': 0, 'enode://10@127.0.0.1:1243': 0, 'enode://11@127.0.0.1:1244': -9, 'enode://12@127.0.0.1:1245': -10, 'enode://13@127.0.0.1:1246': -6, 'enode://14@127.0.0.1:1247': 0, 'enode://15@127.0.0.1:1248': 0, 'enode://16@127.0.0.1:1249': -3, 'enode://17@127.0.0.1:1250': -4, 'enode://18@127.0.0.1:1251': 0, 'enode://19@127.0.0.1:1252': 0, 'enode://20@127.0.0.1:1253': -5}
10 1786707462.905 14607 None {'18': 444, '0': 0, '3': 974, '5': 806, '2': 1044, '12': 329, '11': 845, '4': 559, '9': 663, '6': 880, '14': 1061, '19': 846, '20': 1270, '17': 325, '7': 1498, '16': 468, '1': 121, '15': 539, '13': 416, '10': 586, '8': 777} {'enode://1@127.0.0.1:1234': 0, 'enode://2@127.0.0.1:1235': -10, 'enode://3@127.0.0.1:1236': 0, 'enode://4@127.0.0.1:1237': -7, 'enode://5@127.0.0.1:1238': -1, 'enode://6@127.0.0.1:1239': 0, 'enode://7@127.0.0.1:1240': -6, 'enode://8@127.0.0.1:1241': 0, 'enode://9@127.0.0.1:1242': 0, 'enode://10@127.0.0.1:1243': 0, 'enode://11@127.0.0.1:1244': -8, 'enode://12@127.0.0.1:1245': -9, 'enode://13@127.0.0.1:1246': -5, 'enode://14@127.0.0.1:1247': 0, 'enode://15@127.0.0.1:1248': 0, 'enode://16@127.0.0.1:1249': -2, 'enode://17@127.0.0.1:1250': -3, 'enode://18@127.0.0.1:1251': 0, 'enode://19@127.0.0.1:1252': 0, 'enode://20@127.0.0.1:1253': -4}
10 1786707462.905 14685 None {'18': 444, '0': 0, '3': 974, '5': 806, '2': 1139, '12': 329, '11': 845, '4': 559, '9': 663, '6': 880, '14': 1061, '19': 846, '20': 1270, '17': 325, '7': 1498, '16': 468, '1': 121, '15': 539, '13': 416, '10': 586, '8': 777} {'enode://1@127.0.0.1:1234': 0, 'enode://2@127.0.0.1:1235': -9, 'enode://3@127.0.0.1:1236': -10, 'enode://4@127.0.0.1:1237': -6, 'enode://5@127.0.0.1:1238': 0, 'enode://6@127.0.0.1:1239': 0, 'enode://7@127.0.0.1:1240': -5, 'enode://8@127.0.0.1:1241': 0, 'enode://9@127.0.0.1:1242': 0, 'enode://10@127.0.0.1:1243': 0, 'enode://11@127.0.0.1:1244': -7, 'enode://12@127.0.0.1:1245': -8, 'enode://13@127.0.0.1:1246': -4, 'enode://14@127.0.0.1:1247': 0, 'enode://15@127.0.0.1:1248': 0, 'enode://16@127.0.0.1:1249': -1, 'enode://17@127.0.0.1:1250': -2, 'enode://18@127.0.0.1:1251': 0, 'enode://19@127.0.0.1:1252': 0, 'enode://20@127.0.0.1:1253': -3}
10 1786707462.905 14958 None {'18': 444, '0': 0, '3': 1051, '5': 806, '2': 1139, '12': 329, '11': 845, '4': 559, '9': 663, '6': 880, '14': 1061, '19': 846, '20': 1270, '17': 325, '7': 1498, '16': 468, '1': 121, '15': 539, '13': 416, '10': 586, '8': 777} {'enode://1@127.0.0.1:1234': 0, 'enode://2@127.0.0.1:1235': -8, 'enode://3@127.0.0.1:1236': -9, 'enode://4@127.0.0.1:1237': -5, 'enode://5@127.0.0.1:1238': 0, 'enode://6@127.0.0.1:1239': 0, 'enode://7@127.0.0.1:1240': -4, 'enode://8@127.0.0.1:1241': 0, 'enode://9@127.0.0.1:1242': 0, 'enode://10@127.0.0.1:1243': 0, 'enode://11@127.0.0.1:1244': -6, 'enode://12@127.0.0.1:1245': -7, 'enode://13@127.0.0.1:1246': -3, 'enode://14@127.0.0.1:1247': 0, 'enode://15@127.0.0.1:1248': 0, 'enode://16@127.0.0.1:1249': 0, 'enode://17@127.0.0.1:1250': -1, 'enode://18@127.0.0.1:1251': 0, 'enode://19@127.0.0.1:1252': -10, 'enode://20@127.0.0.1:1253': -2}
10 1786707462.905 15396 None {'18': 444, '0': 0, '3': 1051, '5': 806, '2': 1139, '12': 329, '11': 845, '4': 559, '9': 663, '6': 880, '14': 1061, '19': 1118, '20': 1270, '17': 325, '7': 1498, '16': 468, '1': 121, '15': 539, '13': 416, '10': 586, '8': 777} {'enode://1@127.0.0.1:1234': 0, 'enode://2@127.0.0.1:1235': -7, 'enode://3@127.0.0.1:1236': -8, 'enode://4@127.0.0.1:1237': -4, 'enode://5@127.0.0.1:1238': 0, 'enode://6@127.0.0.1:1239': 0, 'enode://7@127.0.0.1:1240': -3, 'enode://8@127.0.0.1:1241': 0, 'enode://9@127.0.0.1:1242': 0, 'enode://10@127.0.0.1:1243': 0, 'enode://11@127.0.0.1:1244': -5, 'enode://12@127.0.0.1:1245': -6, 'enode://13@127.0.0.1:1246': -2, 'enode://14@127.0.0.1:1247': 0, 'enode://15@127.0.0.1:1248': 0, 'enode://16@127.0.0.1:1249': -10, 'enode://17@127.0.0.1:1250': 0, 'enode://18@127.0.0.1:1251': 0, 'enode://19@127.0.0.1:1252': -9, 'enode://20@127.0.0.1:1253': -1}
10 1786707462.905 15747 None {'18': 444, '0': 0, '3': 1051, '5': 806, '2': 1139, '12': 329, '11': 845, '4': 559, '9': 663, '6': 880, '14': 1061, '19': 1118, '20': 1270, '17': 325, '7': 1498, '16': 905, '1': 121, '15': 539, '13': 416, '10': 586, '8': 777} {'enode://1@127.0.0.1:1234': 0, 'enode://2@127.0.0.1:1235': -6, 'enode://3@127.0.0.1:1236': -7, 'enode://4@127.0.0.1:1237': -3, 'enode://5@127.0.0.1:1238': 0, 'enode://6@127.0.0.1:1239': 0, 'enode://7@127.0.0.1:1240': -2, 'enode://8@127.0.0.1:1241': -10, 'enode://9@127.0.0.1:1242': 0, 'enode://10@127.0.0.1:1243': 0, 'enode://11@127.0.0.1:1244': -4, 'enode://12@127.0.0.1:1245': -5, 'enode://13@127.0.0.1:1246': -1, 'enode://14@127.0.0.1:1247': 0, 'enode://15@127.0.0.1:1248': 0, 'enode://16@127.0.0.1:1249': -9, 'enode://17@127.0.0.1:1250': 0, 'enode://18@127.0.0.1:1251': 0, 'enode://19@127.0.0.1:1252': -8, 'enode://20@127.0.0.1:1253': 0}
10 1786707462.906 16018 None {'18': 444, '0': 0, '3': 1051, '5': 806, '2': 1139, '12': 329, '11': 845, '4': 559, '9': 663, '6': 880, '14': 1061, '19': 1118, '20': 1270, '17': 325, '7': 1498, '16': 905, '1': 121, '15': 539, '13': 416, '10': 586, '8': 1127} {'enode://1@127.0.0.1:1234': 0, 'enode://2@127.0.0.1:1235': -5, 'enode://3@127.0.0.1:1236': -6, 'enode://4@127.0.0.1:1237': -2, 'enode://5@127.0.0.1:1238': 0, 'enode://6@127.0.0.1:1239': 0, 'enode://7@127.0.0.1:1240': -1, 'enode://8@127.0.0.1:1241': -9, 'enode://9@127.0.0.1:1242': -10, 'enode://10@127.0.0.1:1243': 0, 'enode://11@127.0.0.1:1244': -3, 'enode://12@127.0.0.1:1245': -4, 'enode://13@127.0.0.1:1246': 0, 'enode://14@127.0.0.1:1247': 0, 'enode://15@127.0.0.1:1248': 0, 'enode://16@127.0.0.1:1249': -8, 'enode://17@127.0.0.1:1250': 0, 'enode://18@127.0.0.1:1251': 0, 'enode://19@127.0.0.1:1252': -7, 'enode://20@127.0.0.1:1253': 0}
10 1786707462.906 16031 None {'18': 444, '0': 0, '3': 1051, '5': 806, '2': 1139, '12': 329, '11': 845, '4': 559, '9': 933, '6': 880, '14': 1061, '19': 1118, '20': 1270, '17': 325, '7': 1498, '16': 905, '1': 121, '15': 539, '13': 416, '10': 586, '8': 1127} {'enode://1@127.0.0.1:1234': 0, 'enode://2@127.0.0.1:1235': -4, 'enode://3@127.0.0.1:1236': -5, 'enode://4@127.0.0.1:1237': -1, 'enode://5@127.0.0.1:1238': 0, 'enode://6@127.0.0.1:1239': 0, 'enode://7@127.0.0.1:1240': 0, 'enode://8@127.0.0.1:1241': -8, 'enode://9@127.0.0.1:1242': -9, 'enode://10@127.0.0.1:1243': 0, 'enode://11@127.0.0.1:1244': -2, 'enode://12@127.0.0.1:1245': -3, 'enode://13@127.0.0.1:1246': -10, 'enode://14@127.0.0.1:1247': 0, 'enode://15@127.0.0.1:1248': 0, 'enode://16@127.0.0.1:1249': -7, 'enode://17@127.0.0.1:1250': 0, 'enode://18@127.0.0.1:1251': 0, 'enode://19@127.0.0.1:1252': -6, 'enode://20@127.0.0.1:1253': 0}
10 1786707462.906 16168 None {'18': 444, '0': 0, '3': 1051, '5': 806, '2': 1139, '12': 329, '11': 845, '4': 559, '9': 933, '6': 880, '14': 1061, '19': 1118, '20': 1270, '17': 325, '7': 1498, '16': 905, '1': 121, '15': 539, '13': 428, '10': 586, '8': 1127} {'enode://1@127.0.0.1:1234': 0, 'enode://2@127.0.0.1:1235': -3, 'enode://3@127.0.0.1:1236': -4, 'enode://4@127.0.0.1:1237': 0, 'enode://5@127.0.0.1:1238': 0, 'enode://6@127.0.0.1:1239': 0, 'enode://7@127.0.0.1:1240': 0, 'enode://8@127.0.0.1:1241': -7, 'enode://9@127.0.0.1:1242': -8, 'enode://10@127.0.0.1:1243': -10, 'enode://11@127.0.0.1:1244': -1, 'enode://12@127.0.0.1:1245': -2, 'enode://13@127.0.0.1:1246': -9, 'enode://14@127.0.0.1:1247': 0, 'enode://15@127.0.0.1:1248': 0, 'enode://16@127.0.0.1:1249': -6, 'enode://17@127.0.0.1:1250': 0, 'enode://18@127.0.0.1:1251': 0, 'enode://19@127.0.0.1:1252': -5, 'enode://20@127.0.0.1:1253': 0}
