ID TIME n private balances connectivity
11 1787190530.323 0 {} {} {'enode://1@127.0.0.1:1234': 0, 'enode://2@127.0.0.1:1235': 0, 'enode://3@127.0.0.1:1236': 0, 'enode://4@127.0.0.1:1237': 0, 'enode://5@127.0.0.1:1238': 0, 'enode://6@127.0.0.1:1239': 0, 'enode://7@127.0.0.1:1240': 0, 'enode://8@127.0.0.1:1241': 0, 'enode://9@127.0.0.1:1242': 0, 'enode://10@127.0.0.1:1243': 0, 'enode://11@127.0.0.1:1244': 0, 'enode://12@127.0.0.1:1245': 0, 'enode://13@127.0.0.1:1246': 0, 'enode://14@127.0.0.1:1247': 0, 'enode://15@127.0.0.1:1248': 0, 'enode://16@127.0.0.1:1249': 0, 'enode://17@127.0.0.1:1250': 0, 'enode://18@127.0.0.1:1251': 0, 'enode://19@127.0.0.1:1252': 0, 'enode://20@127.0.0.1:1253': 0}
11 1787190530.323 0 None {} {'enode://1@127.0.0.1:1234': 0, 'enode://2@127.0.0.1:1235': 0, 'enode://3@127.0.0.1:1236': 0, 'enode://4@127.0.0.1:1237': 0, 'enode://5@127.0.0.1:1238': 0, 'enode://6@127.0.0.1:1239': 0, 'enode://7@127.0.0.1:1240': 0, 'enode://8@127.0.0.1:1241': 0, 'enode://9@127.0.0.1:1242': 0, 'enode://10@127.0.0.1:1243': 0, 'enode://11@127.0.0.1:1244': 0, 'enode://12@127.0.0.1:1245': 0, 'enode://13@127.0.0.1:1246': 0, 'enode://14@127.0.0.1:1247': 0, 'enode://15@127.0.0.1:1248': 0, 'enode://16@127.0.0.1:1249': 0, 'enode://17@127.0.0.1:1250': 0, 'enode://18@127.0.0.1:1251': -10, 'enode://19@127.0.0.1:1252': 0, 'enode://20@127.0.0.1:1253': 0}
11 1787190530.323 144 None {'20': 0, '0': 0, '2': 0, '6': 0, '18': 0, '16': 0, '17': 0, '13': 0, '12': 0, '11': 0, '15': 0, '19': 0, '4': 0, '3': 0, '8': 0, '5': 0, '7': 0, '14': 0, '10': 0, '9': 0, '1': 0} {'enode://1@127.0.0.1:1234': 3, 'enode://2@127.0.0.1:1235': 8, 'enode://3@127.0.0.1:1236': 6, 'enode://4@127.0.0.1:1237': 7, 'enode://5@127.0.0.1:1238': 4, 'enode://6@127.0.0.1:1239': 5, 'enode://7@127.0.0.1:1240': 5, 'enode://8@127.0.0.1:1241': 6, 'enode://9@127.0.0.1:1242': 1, 'enode://10@127.0.0.1:1243': 3, 'enode://11@127.0.0.1:1244': 6, 'enode://12@127.0.0.1:1245': 4, 'enode://13@127.0.0.1:1246': 3, 'enode://14@127.0.0.1:1247': 3, 'enode://15@127.0.0.1:1248': 4, 'enode://16@127.0.0.1:1249': 4, 'enode://17@127.0.0.1:1250': 7, 'enode://18@127.0.0.1:1251': -9, 'enode://19@127.0.0.1:1252': 6, 'enode://20@127.0.0.1:1253': -10}
11 1787190530.323 145 None {'20': 143, '0': 0, '2': 0, '6': 0, '18': 0, '16': 0, '17': 0, '13': 0, '12': 0, '11': 0, '15': 0, '19': 0, '4': 0, '3': 0, '8': 0, '5': 0, '7': 0, '14': 0, '10': 0, '9': 0, '1': 0} {'enode://1@127.0.0.1:1234': 3, 'enode://2@127.0.0.1:1235': -10, 'enode://3@127.0.0.1:1236': 6, 'enode://4@127.0.0.1:1237': 7, 'enode://5@127.0.0.1:1238': 4, 'enode://6@127.0.0.1:1239': 5, 'enode://7@127.0.0.1:1240': 5, 'enode://8@127.0.0.1:1241': 6, 'enode://9@127.0.0.1:1242': 1, 'enode://10@127.0.0.1:1243': 3, 'enode://11@127.0.0.1:1244': 6, 'enode://12@127.0.0.1:1245': 4, 'enode://13@127.0.0.1:1246': 3, 'enode://14@127.0.0.1:1247': 3, 'enode://15@127.0.0.1:1248': 4, 'enode://16@127.0.0.1:1249': 4, 'enode://17@127.0.0.1:1250': 7, 'enode://18@127.0.0.1:1251': -8, 'enode://19@127.0.0.1:1252': 6, 'enode://20@127.0.0.1:1253': -9}
11 1787190530.323 171 None {'20': 143, '0': 0, '2': 0, '6': 0, '18': 0, '16': 0, '17': 0, '13': 0, '12': 0, '11': 0, '15': 0, '19': 0, '4': 0, '3': 0, '8': 0, '5': 0, '7': 0, '14': 0, '10': 0, '9': 0, '1': 0} {'enode://1@127.0.0.1:1234': 0, 'enode://2@127.0.0.1:1235': -9, 'enode://3@127.0.0.1:1236': 4, 'enode://4@127.0.0.1:1237': -10, 'enode://5@127.0.0.1:1238': 2, 'enode://6@127.0.0.1:1239': 4, 'enode://7@127.0.0.1:1240': 4, 'enode://8@127.0.0.1:1241': 6, 'enode://9@127.0.0.1:1242': 0, 'enode://10@127.0.0.1:1243': 2, 'enode://11@127.0.0.1:1244': 4, 'enode://12@127.0.0.1:1245': 4, 'enode://13@127.0.0.1:1246': 3, 'enode://14@127.0.0.1:1247': 3, 'enode://15@127.0.0.1:1248': 4, 'enode://16@127.0.0.1:1249': 3, 'enode://17@127.0.0.1:1250': 5, 'enode://18@127.0.0.1:1251': -7, 'enode://19@127.0.0.1:1252': 5, 'enode://20@127.0.0.1:1253': -8}
11 1787190530.323 209 None {'20': 143, '0': 0, '2': 0, '6': 0, '18': 0, '16': 0, '17': 0, '13': 0, '12': 0, '11': 0, '15': 0, '19': 0, '4': 25, '3': 0, '8': 0, '5': 0, '7': 0, '14': 0, '10': 0, '9': 0, '1': 0} {'enode://1@127.0.0.1:1234': 2, 'enode://2@127.0.0.1:1235': -8, 'enode://3@127.0.0.1:1236': 6, 'enode://4@127.0.0.1:1237': -9, 'enode://5@127.0.0.1:1238': 3, 'enode://6@127.0.0.1:1239': 4, 'enode://7@127.0.0.1:1240': 4, 'enode://8@127.0.0.1:1241': -10, 'enode://9@127.0.0.1:1242': 0, 'enode://10@127.0.0.1:1243': 2, 'enode://11@127.0.0.1:1244': 4, 'enode://12@127.0.0.1:1245': 4, 'enode://13@127.0.0.1:1246': 3, 'enode://14@127.0.0.1:1247': 4, 'enode://15@127.0.0.1:1248': 4, 'enode://16@127.0.0.1:1249': 3, 'enode://17@127.0.0.1:1250': 5, 'enode://18@127.0.0.1:1251': -6, 'enode://19@127.0.0.1:1252': 6, 'enode://20@127.0.0.1:1253': -7}
11 1787190530.324 215 None {'20': 143, '0': 0, '2': 0, '6': 0, '18': 0, '16': 0, '17': 0, '13': 0, '12': 0, '11': 0, '15': 0, '19': 0, '4': 25, '3': 0, '8': 37, '5': 0, '7': 0, '14': 0, '10': 0, '9': 0, '1': 0} {'enode://1@127.0.0.1:1234': 2, 'enode://2@127.0.0.1:1235': -7, 'enode://3@127.0.0.1:1236': 6, 'enode://4@127.0.0.1:1237': -8, 'enode://5@127.0.0.1:1238': 3, 'enode://6@127.0.0.1:1239': 4, 'enode://7@127.0.0.1:1240': 4, 'enode://8@127.0.0.1:1241': -9, 'enode://9@127.0.0.1:1242': 0, 'enode://10@127.0.0.1:1243': 2, 'enode://11@127.0.0.1:1244': 4, 'enode://12@127.0.0.1:1245': 4, 'enode://13@127.0.0.1:1246': 3, 'enode://14@127.0.0.1:1247': 4, 'enode://15@127.0.0.1:1248': 4, 'enode://16@127.0.0.1:1249': 3, 'enode://17@127.0.0.1:1250': 5, 'enode://18@127.0.0.1:1251': -5, 'enode://19@127.0.0.1:1252': -10, 'enode://20@127.0.0.1:1253': -6}
11 1787190530.324 280 None {'20': 143, '0': 0, '2': 0, '6': 0, '18': 0, '16': 0, '17': 0, '13': 0, '12': 0, '11': 0, '15': 0, '19': 5, '4': 25, '3': 0, '8': 37, '5': 0, '7': 0, '14': 0, '10': 0, '9': 0, '1': 0} {'enode://1@127.0.0.1:1234': 2, 'enode://2@127.0.0.1:1235': -6, 'enode://3@127.0.0.1:1236': 6, 'enode://4@127.0.0.1:1237': -7, 'enode://5@127.0.0.1:1238': 2, 'enode://6@127.0.0.1:1239': 4, 'enode://7@127.0.0.1:1240': 0, 'enode://8@127.0.0.1:1241': -8, 'enode://9@127.0.0.1:1242': 0, 'enode://10@127.0.0.1:1243': 0, 'enode://11@127.0.0.1:1244': 0, 'enode://12@127.0.0.1:1245': 5, 'enode://13@127.0.0.1:1246': 4, 'enode://14@127.0.0.1:1247': 1, 'enode://15@127.0.0.1:1248': 0, 'enode://16@127.0.0.1:1249': 3, 'enode://17@127.0.0.1:1250': -10, 'enode://18@127.0.0.1:1251': -4, 'enode://19@127.0.0.1:1252': -9, 'enode://20@127.0.0.1:1253': -5}
11 1787190530.324 342 None {'20': 143, '0': 0, '2': 0, '6': 0, '18': 0, '16': 0, '17': 64, '13': 0, '12': 0, '11': 0, '15': 0, '19': 5, '4': 25, '3': 0, '8': 37, '5': 0, '7': 0, '14': 0, '10': 0, '9': 0, '1': 0} {'enode://1@127.0.0.1:1234': 0, 'enode://2@127.0.0.1:1235': -5, 'enode://3@127.0.0.1:1236': 0, 'enode://4@127.0.0.1:1237': -6, 'enode://5@127.0.0.1:1238': 0, 'enode://6@127.0.0.1:1239': 6, 'enode://7@127.0.0.1:1240': 0, 'enode://8@127.0.0.1:1241': -7, 'enode://9@127.0.0.1:1242': 0, 'enode://10@127.0.0.1:1243': 0, 'enode://11@127.0.0.1:1244': 0, 'enode://12@127.0.0.1:1245': -10, 'enode://13@127.0.0.1:1246': 4, 'enode://14@127.0.0.1:1247': 0, 'enode://15@127.0.0.1:1248': 0, 'enode://16@127.0.0.1:1249': 8, 'enode://17@127.0.0.1:1250': -9, 'enode://18@127.0.0.1:1251': -3, 'enode://19@127.0.0.1:1252': -8, 'enode://20@127.0.0.1:1253': -4}
11 1787190530.324 368 None {'20': 143, '0': 0, '2': 0, '6': 0, '18': 0, '16': 0, '17': 64, '13': 0, '12': 61, '11': 0, '15': 0, '19': 5, '4': 25, '3': 0, '8': 37, '5': 0, '7': 0, '14': 0, '10': 0, '9': 0, '1': 0} {'enode://1@127.0.0.1:1234': 0, 'enode://2@127.0.0.1:1235': -4, 'enode://3@127.0.0.1:1236': 0, 'enode://4@127.0.0.1:1237': -5, 'enode://5@127.0.0.1:1238': 0, 'enode://6@127.0.0.1:1239': 5, 'enode://7@127.0.0.1:1240': 0, 'enode://8@127.0.0.1:1241': -6, 'enode://9@127.0.0.1:1242': 0, 'enode://10@127.0.0.1:1243': 0, 'enode://11@127.0.0.1:1244': 0, 'enode://12@127.0.0.1:1245': -9, 'enode://13@127.0.0.1:1246': 5, 'enode://14@127.0.0.1:1247': 0, 'enode://15@127.0.0.1:1248': 0, 'enode://16@127.0.0.1:1249': -10, 'enode://17@127.0.0.1:1250': -8, 'enode://18@127.0.0.1:1251': -2, 'enode://19@127.0.0.1:1252': -7, 'enode://20@127.0.0.1:1253': -3}
11 1787190530.324 416 None {'20': 143, '0': 0, '2': 0, '6': 0, '18': 0, '16': 25, '17': 64, '13': 0, '12': 61, '11': 0, '15': 0, '19': 5, '4': 25, '3': 0, '8': 37, '5': 0, '7': 0, '14': 0, '10': 0, '9': 0, '1': 0} {'enode://1@127.0.0.1:1234': 0, 'enode://2@127.0.0.1:1235': -3, 'enode://3@127.0.0.1:1236': 1, 'enode://4@127.0.0.1:1237': -4, 'enode://5@127.0.0.1:1238': 0, 'enode://6@127.0.0.1:1239': 6, 'enode://7@127.0.0.1:1240': 0, 'enode://8@127.0.0.1:1241': -5, 'enode://9@127.0.0.1:1242': 1, 'enode://10@127.0.0.1:1243': 0, 'enode://11@127.0.0.1:1244': 0, 'enode://12@127.0.0.1:1245': -8, 'enode://13@127.0.0.1:1246': -10, 'enode://14@127.0.0.1:1247': 0, 'enode://15@127.0.0.1:1248': 0, 'enode://16@127.0.0.1:1249': -9, 'enode://17@127.0.0.1:1250': -7, 'enode://18@127.0.0.1:1251': -1, 'enode://19@127.0.0.1:1252': -6, 'enode://20@127.0.0.1:1253': -2}
11 1787190530.324 482 None {'20': 143, '0': 0, '2': 0, '6': 0, '18': 0, '16': 25, '17': 64, '13': 47, '12': 61, '11': 0, '15': 0, '19': 5, '4': 25, '3': 0, '8': 37, '5': 0, '7': 0, '14': 0, '10': 0, '9': 0, '1': 0} {'enode://1@127.0.0.1:1234': 0, 'enode://2@127.0.0.1:1235': -2, 'enode://3@127.0.0.1:1236': 1, 'enode://4@127.0.0.1:1237': -3, 'enode://5@127.0.0.1:1238': 2, 'enode://6@127.0.0.1:1239': 6, 'enode://7@127.0.0.1:1240': 2, 'enode://8@127.0.0.1:1241': -4, 'enode://9@127.0.0.1:1242': -10, 'enode://10@127.0.0.1:1243': 1, 'enode://11@127.0.0.1:1244': 3, 'enode://12@127.0.0.1:1245': -7, 'enode://13@127.0.0.1:1246': -9, 'enode://14@127.0.0.1:1247': 5, 'enode://15@127.0.0.1:1248': 4, 'enode://16@127.0.0.1:1249': -8, 'enode://17@127.0.0.1:1250': -6, 'enode://18@127.0.0.1:1251': 0, 'enode://19@127.0.0.1:1252': -5, 'enode://20@127.0.0.1:1253': -1}
11 1787190530.324 507 None {'20': 143, '0': 0, '2': 0, '6': 0, '18': 0, '16': 25, '17': 64, '13': 47, '12': 61, '11': 0, '15': 0, '19': 5, '4': 25, '3': 0, '8': 37, '5': 0, '7': 0, '14': 0, '10': 0, '9': 65, '1': 0} {'enode://1@127.0.0.1:1234': 0, 'enode://2@127.0.0.1:1235': -1, 'enode://3@127.0.0.1:1236': 0, 'enode://4@127.0.0.1:1237': -2, 'enode://5@127.0.0.1:1238': 2, 'enode://6@127.0.0.1:1239': -10, 'enode://7@127.0.0.1:1240': 0, 'enode://8@127.0.0.1:1241': -3, 'enode://9@127.0.0.1:1242': -9, 'enode://10@127.0.0.1:1243': 0, 'enode://11@127.0.0.1:1244': 0, 'enode://12@127.0.0.1:1245': -6, 'enode://13@127.0.0.1:1246': -8, 'enode://14@127.0.0.1:1247': 2, 'enode://15@127.0.0.1:1248': 0, 'enode://16@127.0.0.1:1249': -7, 'enode://17@127.0.0.1:1250': -5, 'enode://18@127.0.0.1:1251': 3, 'enode://19@127.0.0.1:1252': -4, 'enode://20@127.0.0.1:1253': 0}
11 1787190530.324 543 None {'20': 143, '0': 0, '2': 0, '6': 24, '18': 0, '16': 25, '17': 64, '13': 47, '12': 61, '11': 0, '15': 0, '19': 5, '4': 25, '3': 0, '8': 37, '5': 0, '7': 0, '14': 0, '10': 0, '9': 65, '1': 0} {'enode://1@127.0.0.1:1234': 0, 'enode://2@127.0.0.1:1235': 0, 'enode://3@127.0.0.1:1236': 0, 'enode://4@127.0.0.1:1237': -1, 'enode://5@127.0.0.1:1238': 4, 'enode://6@127.0.0.1:1239': -9, 'enode://7@127.0.0.1:1240': 0, 'enode://8@127.0.0.1:1241': -2, 'enode://9@127.0.0.1:1242': -8, 'enode://10@127.0.0.1:1243': 2, 'enode://11@127.0.0.1:1244': 4, 'enode://12@127.0.0.1:1245': -5, 'enode://13@127.0.0.1:1246': -7, 'enode://14@127.0.0.1:1247': 6, 'enode://15@127.0.0.1:1248': 3, 'enode://16@127.0.0.1:1249': -6, 'enode://17@127.0.0.1:1250': -4, 'enode://18@127.0.0.1:1251': -10, 'enode://19@127.0.0.1:1252': -3, 'enode://20@127.0.0.1:1253': 6}
11 1787190530.325 591 None {'20': 143, '0': 0, '2': 0, '6': 24, '18': 35, '16': 25, '17': 64, '13': 47, '12': 61, '11': 0, '15': 0, '19': 5, '4': 25, '3': 0, '8': 37, '5': 0, '7': 0, '14': 0, '10': 0, '9': 65, '1': 0} {'enode://1@127.0.0.1:1234': 0, 'enode://2@127.0.0.1:1235': 2, 'enode://3@127.0.0.1:1236': 0, 'enode://4@127.0.0.1:1237': 0, 'enode://5@127.0.0.1:1238': 7, 'enode://6@127.0.0.1:1239': -8, 'enode://7@127.0.0.1:1240': 0, 'enode://8@127.0.0.1:1241': -1, 'enode://9@127.0.0.1:1242': -7, 'enode://10@127.0.0.1:1243': 1, 'enode://11@127.0.0.1:1244': 4, 'enode://12@127.0.0.1:1245': -4, 'enode://13@127.0.0.1:1246': -6, 'enode://14@127.0.0.1:1247': -10, 'enode://15@127.0.0.1:1248': 2, 'enode://16@127.0.0.1:1249': -5, 'enode://17@127.0.0.1:1250': -3, 'enode://18@127.0.0.1:1251': -9, 'enode://19@127.0.0.1:1252': -2, 'enode://20@127.0.0.1:1253': 6}
11 1787190530.325 625 None {'20': 143, '0': 0, '2': 0, '6': 24, '18': 35, '16': 25, '17': 64, '13': 47, '12': 61, '11': 0, '15': 0, '19': 5, '4': 25, '3': 0, '8': 37, '5': 0, '7': 0, '14': 47, '10': 0, '9': 65, '1': 0} {'enode://1@127.0.0.1:1234': 0, 'enode://2@127.0.0.1:1235': 2, 'enode://3@127.0.0.1:1236': 0, 'enode://4@127.0.0.1:1237': 0, 'enode://5@127.0.0.1:1238': -10, 'enode://6@127.0.0.1:1239': -7, 'enode://7@127.0.0.1:1240': 1, 'enode://8@127.0.0.1:1241': 0, 'enode://9@127.0.0.1:1242': -6, 'enode://10@127.0.0.1:1243': 1, 'enode://11@127.0.0.1:1244': 4, 'enode://12@127.0.0.1:1245': -3, 'enode://13@127.0.0.1:1246': -5, 'enode://14@127.0.0.1:1247': -9, 'enode://15@127.0.0.1:1248': 2, 'enode://16@127.0.0.1:1249': -4, 'enode://17@127.0.0.1:1250': -2, 'enode://18@127.0.0.1:1251': -8, 'enode://19@127.0.0.1:1252': -1, 'enode://20@127.0.0.1:1253': 6}
11 1787190530.325 643 None {'20': 143, '0': 0, '2': 0, '6': 24, '18': 35, '16': 25, '17': 64, '13': 47, '12': 61, '11': 0, '15': 0, '19': 5, '4': 25, '3': 0, '8': 37, '5': 33, '7': 0, '14': 47, '10': 0, '9': 65, '1': 0} {'enode://1@127.0.0.1:1234': 0, 'enode://2@127.0.0.1:1235': 0, 'enode://3@127.0.0.1:1236': 0, 'enode://4@127.0.0.1:1237': 1, 'enode://5@127.0.0.1:1238': -9, 'enode://6@127.0.0.1:1239': -6, 'enode://7@127.0.0.1:1240': 1, 'enode://8@127.0.0.1:1241': 4, 'enode://9@127.0.0.1:1242': -5, 'enode://10@127.0.0.1:1243': 0, 'enode://11@127.0.0.1:1244': 1, 'enode://12@127.0.0.1:1245': -2, 'enode://13@127.0.0.1:1246': -4, 'enode://14@127.0.0.1:1247': -8, 'enode://15@127.0.0.1:1248': 0, 'enode://16@127.0.0.1:1249': -3, 'enode://17@127.0.0.1:1250': -1, 'enode://18@127.0.0.1:1251': -7, 'enode://19@127.0.0.1:1252': 0, 'enode://20@127.0.0.1:1253': -10}
11 1787190530.325 684 None {'20': 160, '0': 0, '2': 0, '6': 24, '18': 35, '16': 25, '17': 64, '13': 47, '12': 61, '11': 0, '15': 0, '19': 5, '4': 25, '3': 0, '8': 37, '5': 33, '7': 0, '14': 47, '10': 0, '9': 65, '1': 0} {'enode://1@127.0.0.1:1234': 0, 'enode://2@127.0.0.1:1235': 0, 'enode://3@127.0.0.1:1236': 0, 'enode://4@127.0.0.1:1237': 1, 'enode://5@127.0.0.1:1238': -8, 'enode://6@127.0.0.1:1239': -5, 'enode://7@127.0.0.1:1240': 1, 'enode://8@127.0.0.1:1241': -10, 'enode://9@127.0.0.1:1242': -4, 'enode://10@127.0.0.1:1243': 0, 'enode://11@127.0.0.1:1244': 1, 'enode://12@127.0.0.1:1245': -1, 'enode://13@127.0.0.1:1246': -3, 'enode://14@127.0.0.1:1247': -7, 'enode://15@127.0.0.1:1248': 0, 'enode://16@127.0.0.1:1249': -2, 'enode://17@127.0.0.1:1250': 0, 'enode://18@127.0.0.1:1251': -6, 'enode://19@127.0.0.1:1252': 0, 'enode://20@127.0.0.1:1253': -9}
11 1787190530.325 751 None {'20': 160, '0': 0, '2': 0, '6': 24, '18': 35, '16': 25, '17': 64, '13': 47, '12': 61, '11': 0, '15': 0, '19': 5, '4': 25, '3': 0, '8': 77, '5': 33, '7': 0, '14': 47, '10': 0, '9': 65, '1': 0} {'enode://1@127.0.0.1:1234': 0, 'enode://2@127.0.0.1:1235': 0, 'enode://3@127.0.0.1:1236': 2, 'enode://4@127.0.0.1:1237': 0, 'enode://5@127.0.0.1:1238': -7, 'enode://6@127.0.0.1:1239': -4, 'enode://7@127.0.0.1:1240': 1, 'enode://8@127.0.0.1:1241': -9, 'enode://9@127.0.0.1:1242': -3, 'enode://10@127.0.0.1:1243': 0, 'enode://11@127.0.0.1:1244': -10, 'enode://12@127.0.0.1:1245': 0, 'enode://13@127.0.0.1:1246': -2, 'enode://14@127.0.0.1:1247': -6, 'enode://15@127.0.0.1:1248': 0, 'enode://16@127.0.0.1:1249': -1, 'enode://17@127.0.0.1:1250': 6, 'enode://18@127.0.0.1:1251': -5, 'enode://19@127.0.0.1:1252': 5, 'enode://20@127.0.0.1:1253': -8}
11 1787190530.325 775 None {'20': 160, '0': 0, '2': 0, '6': 24, '18': 35, '16': 25, '17': 64, '13': 47, '12': 61, '11': 66, '15': 0, '19': 5, '4': 25, '3': 0, '8': 77, '5': 33, '7': 0, '14': 47, '10': 0, '9': 65, '1': 0} {'enode://1@127.0.0.1:1234': 3, 'enode://2@127.0.0.1:1235': 0, 'enode://3@127.0.0.1:1236': 2, 'enode://4@127.0.0.1:1237': 0, 'enode://5@127.0.0.1:1238': -6, 'enode://6@127.0.0.1:1239': -3, 'enode://7@127.0.0.1:1240': 0, 'enode://8@127.0.0.1:1241': -8, 'enode://9@127.0.0.1:1242': -2, 'enode://10@127.0.0.1:1243': 2, 'enode://11@127.0.0.1:1244': -9, 'enode://12@127.0.0.1:1245': 2, 'enode://13@127.0.0.1:1246': -1, 'enode://14@127.0.0.1:1247': -5, 'enode://15@127.0.0.1:1248': 1, 'enode://16@127.0.0.1:1249': 0, 'enode://17@127.0.0.1:1250': 4, 'enode://18@127.0.0.1:1251': -4, 'enode://19@127.0.0.1:1252': -10, 'enode://20@127.0.0.1:1253': -7}
11 1787190530.325 803 None {'20': 160, '0': 0, '2': 0, '6': 24, '18': 35, '16': 25, '17': 64, '13': 47, '12': 61, '11': 66, '15': 0, '19': 28, '4': 25, '3': 0, '8': 77, '5': 33, '7': 0, '14': 47, '10': 0, '9': 65, '1': 0} {'enode://1@127.0.0.1:1234': -10, 'enode://2@127.0.0.1:1235': 1, 'enode://3@127.0.0.1:1236': 2, 'enode://4@127.0.0.1:1237': 0, 'enode://5@127.0.0.1:1238': -5, 'enode://6@127.0.0.1:1239': -2, 'enode://7@127.0.0.1:1240': 0, 'enode://8@127.0.0.1:1241': -7, 'enode://9@127.0.0.1:1242': -1, 'enode://10@127.0.0.1:1243': 3, 'enode://11@127.0.0.1:1244': -8, 'enode://12@127.0.0.1:1245': 0, 'enode://13@127.0.0.1:1246': 0, 'enode://14@127.0.0.1:1247': -4, 'enode://15@127.0.0.1:1248': 2, 'enode://16@127.0.0.1:1249': 0, 'enode://17@127.0.0.1:1250': 0, 'enode://18@127.0.0.1:1251': -3, 'enode://19@127.0.0.1:1252': -9, 'enode://20@127.0.0.1:1253': -6}
11 1787190530.325 811 None {'20': 160, '0': 0, '2': 0, '6': 24, '18': 35, '16': 25, '17': 64, '13': 47, '12': 61, '11': 66, '15': 0, '19': 28, '4': 25, '3': 0, '8': 77, '5': 33, '7': 0, '14': 47, '10': 0, '9': 65, '1': 27} {'enode://1@127.0.0.1:1234': -9, 'enode://2@127.0.0.1:1235': 2, 'enode://3@127.0.0.1:1236': 3, 'enode://4@127.0.0.1:1237': 0, 'enode://5@127.0.0.1:1238': -4, 'enode://6@127.0.0.1:1239': -1, 'enode://7@127.0.0.1:1240': 0, 'enode://8@127.0.0.1:1241': -6, 'enode://9@127.0.0.1:1242': 0, 'enode://10@127.0.0.1:1243': -10, 'enode://11@127.0.0.1:1244': -7, 'enode://12@127.0.0.1:1245': 0, 'enode://13@127.0.0.1:1246': 0, 'enode://14@127.0.0.1:1247': -3, 'enode://15@127.0.0.1:1248': 2, 'enode://16@127.0.0.1:1249': 0, 'enode://17@127.0.0.1:1250': 0, 'enode://18@127.0.0.1:1251': -2, 'enode://19@127.0.0.1:1252': -8, 'enode://20@127.0.0.1:1253': -5}
11 1787190530.325 997 None {'20': 160, '0': 0, '2': 0, '6': 24, '18': 35, '16': 25, '17': 64, '13': 47, '12': 61, '11': 66, '15': 0, '19': 28, '4': 25, '3': 0, '8': 77, '5': 33, '7': 0, '14': 47, '10': 7, '9': 65, '1': 27} {'enode://1@127.0.0.1:1234': -8, 'enode://2@127.0.0.1:1235': 4, 'enode://3@127.0.0.1:1236': 5, 'enode://4@127.0.0.1:1237': 6, 'enode://5@127.0.0.1:1238': -3, 'enode://6@127.0.0.1:1239': 0, 'enode://7@127.0.0.1:1240': -10, 'enode://8@127.0.0.1:1241': -5, 'enode://9@127.0.0.1:1242': 3, 'enode://10@127.0.0.1:1243': -9, 'enode://11@127.0.0.1:1244': -6, 'enode://12@127.0.0.1:1245': 4, 'enode://13@127.0.0.1:1246': 2, 'enode://14@127.0.0.1:1247': -2, 'enode://15@127.0.0.1:1248': 3, 'enode://16@127.0.0.1:1249': 1, 'enode://17@127.0.0.1:1250': 2, 'enode://18@127.0.0.1:1251': -1, 'enode://19@127.0.0.1:1252': -7, 'enode://20@127.0.0.1:1253': -4}
11 1787190530.325 1054 None {'20': 160, '0': 0, '2': 0, '6': 24, '18': 35, '16': 25, '17': 64, '13': 47, '12': 61, '11': 66, '15': 0, '19': 28, '4': 25, '3': 0, '8': 77, '5': 33, '7': 185, '14': 47, '10': 7, '9': 65, '1': 27} {'enode://1@127.0.0.1:1234': -7, 'enode://2@127.0.0.1:1235': 0, 'enode://3@127.0.0.1:1236': 0, 'enode://4@127.0.0.1:1237': 5, 'enode://5@127.0.0.1:1238': -2, 'enode://6@127.0.0.1:1239': 4, 'enode://7@127.0.0.1:1240': -9, 'enode://8@127.0.0.1:1241': -4, 'enode://9@127.0.0.1:1242': -10, 'enode://10@127.0.0.1:1243': -8, 'enode://11@127.0.0.1:1244': -5, 'enode://12@127.0.0.1:1245': 6, 'enode://13@127.0.0.1:1246': 0, 'enode://14@127.0.0.1:1247': -1, 'enode://15@127.0.0.1:1248': 0, 'enode://16@127.0.0.1:1249': 0, 'enode://17@127.0.0.1:1250': 0, 'enode://18@127.0.0.1:1251': 0, 'enode://19@127.0.0.1:1252': -6, 'enode://20@127.0.0.1:1253': -3}
11 1787190530.325 1082 None {'20': 160, '0': 0, '2': 0, '6': 24, '18': 35, '16': 25, '17': 64, '13': 47, '12': 61, '11': 66, '15': 0, '19': 28, '4': 25, '3': 0, '8': 77, '5': 33, '7': 185, '14': 47, '10': 7, '9': 121, '1': 27} {'enode://1@127.0.0.1:1234': -6, 'enode://2@127.0.0.1:1235': 0, 'enode://3@127.0.0.1:1236': 0, 'enode://4@127.0.0.1:1237': 0, 'enode://5@127.0.0.1:1238': -1, 'enode://6@127.0.0.1:1239': 0, 'enode://7@127.0.0.1:1240': -8, 'enode://8@127.0.0.1:1241': -3, 'enode://9@127.0.0.1:1242': -9, 'enode://10@127.0.0.1:1243': -7, 'enode://11@127.0.0.1:1244': -4, 'enode://12@127.0.0.1:1245': -10, 'enode://13@127.0.0.1:1246': 0, 'enode://14@127.0.0.1:1247': 0, 'enode://15@127.0.0.1:1248': 0, 'enode://16@127.0.0.1:1249': 1, 'enode://17@127.0.0.1:1250': 2, 'enode://18@127.0.0.1:1251': 0, 'enode://19@127.0.0.1:1252': -5, 'enode://20@127.0.0.1:1253': -2}
11 1787190530.326 1144 None {'20': 160, '0': 0, '2': 0, '6': 24, '18': 35, '16': 25, '17': 64, '13': 47, '12': 88, '11': 66, '15': 0, '19': 28, '4': 25, '3': 0, '8': 77, '5': 33, '7': 185, '14': 47, '10': 7, '9': 121, '1': 27} {'enode://1@127.0.0.1:1234': -5, 'enode://2@127.0.0.1:1235': 0, 'enode://3@127.0.0.1:1236': 0, 'enode://4@127.0.0.1:1237': 0, 'enode://5@127.0.0.1:1238': 0, 'enode://6@127.0.0.1:1239': 0, 'enode://7@127.0.0.1:1240': -7, 'enode://8@127.0.0.1:1241': -2, 'enode://9@127.0.0.1:1242': -8, 'enode://10@127.0.0.1:1243': -6, 'enode://11@127.0.0.1:1244': -3, 'enode://12@127.0.0.1:1245': -9, 'enode://13@127.0.0.1:1246': 0, 'enode://14@127.0.0.1:1247': 5, 'enode://15@127.0.0.1:1248': 0, 'enode://16@127.0.0.1:1249': 1, 'enode://17@127.0.0.1:1250': -10, 'enode://18@127.0.0.1:1251': 0, 'enode://19@127.0.0.1:1252': -4, 'enode://20@127.0.0.1:1253': -1}
11 1787190530.326 1164 None {'20': 160, '0': 0, '2': 0, '6': 24, '18': 35, '16': 25, '17': 125, '13': 47, '12': 88, '11': 66, '15': 0, '19': 28, '4': 25, '3': 0, '8': 77, '5': 33, '7': 185, '14': 47, '10': 7, '9': 121, '1': 27} {'enode://1@127.0.0.1:1234': -4, 'enode://2@127.0.0.1:1235': 0, 'enode://3@127.0.0.1:1236': 0, 'enode://4@127.0.0.1:1237': 0, 'enode://5@127.0.0.1:1238': 4, 'enode://6@127.0.0.1:1239': 0, 'enode://7@127.0.0.1:1240': -6, 'enode://8@127.0.0.1:1241': -1, 'enode://9@127.0.0.1:1242': -7, 'enode://10@127.0.0.1:1243': -5, 'enode://11@127.0.0.1:1244': -2, 'enode://12@127.0.0.1:1245': -8, 'enode://13@127.0.0.1:1246': 0, 'enode://14@127.0.0.1:1247': -10, 'enode://15@127.0.0.1:1248': 0, 'enode://16@127.0.0.1:1249': 1, 'enode://17@127.0.0.1:1250': -9, 'enode://18@127.0.0.1:1251': 0, 'enode://19@127.0.0.1:1252': -3, 'enode://20@127.0.0.1:1253': 0}
11 1787190530.326 1194 None {'20': 160, '0': 0, '2': 0, '6': 24, '18': 35, '16': 25, '17': 125, '13': 47, '12': 88, '11': 66, '15': 0, '19': 28, '4': 25, '3': 0, '8': 77, '5': 33, '7': 185, '14': 66, '10': 7, '9': 121, '1': 27} {'enode://1@127.0.0.1:1234': -3, 'enode://2@127.0.0.1:1235': 0, 'enode://3@127.0.0.1:1236': 0, 'enode://4@127.0.0.1:1237': 0, 'enode://5@127.0.0.1:1238': -10, 'enode://6@127.0.0.1:1239': 0, 'enode://7@127.0.0.1:1240': -5, 'enode://8@127.0.0.1:1241': 0, 'enode://9@127.0.0.1:1242': -6, 'enode://10@127.0.0.1:1243': -4, 'enode://11@127.0.0.1:1244': -1, 'enode://12@127.0.0.1:1245': -7, 'enode://13@127.0.0.1:1246': 0, 'enode://14@127.0.0.1:1247': -9, 'enode://15@127.0.0.1:1248': 0, 'enode://16@127.0.0.1:1249': 2, 'enode://17@127.0.0.1:1250': -8, 'enode://18@127.0.0.1:1251': 0, 'enode://19@127.0.0.1:1252': -2, 'enode://20@127.0.0.1:1253': 0}
11 1787190530.326 1352 None {'20': 160, '0': 0, '2': 0, '6': 24, '18': 35, '16': 25, '17': 125, '13': 47, '12': 88, '11': 66, '15': 0, '19': 28, '4': 25, '3': 0, '8': 77, '5': 62, '7': 185, '14': 66, '10': 7, '9': 121, '1': 27} {'enode://1@127.0.0.1:1234': -2, 'enode://2@127.0.0.1:1235': 0, 'enode://3@127.0.0.1:1236': -10, 'enode://4@127.0.0.1:1237': 0, 'enode://5@127.0.0.1:1238': -9, 'enode://6@127.0.0.1:1239': 4, 'enode://7@127.0.0.1:1240': -4, 'enode://8@127.0.0.1:1241': 5, 'enode://9@127.0.0.1:1242': -5, 'enode://10@127.0.0.1:1243': -3, 'enode://11@127.0.0.1:1244': 0, 'enode://12@127.0.0.1:1245': -6, 'enode://13@127.0.0.1:1246': 0, 'enode://14@127.0.0.1:1247': -8, 'enode://15@127.0.0.1:1248': 2, 'enode://16@127.0.0.1:1249': 2, 'enode://17@127.0.0.1:1250': -7, 'enode://18@127.0.0.1:1251': 2, 'enode://19@127.0.0.1:1252': -1, 'enode://20@127.0.0.1:1253': 4}
11 1787190530.326 1361 None {'20': 160, '0': 0, '2': 0, '6': 24, '18': 35, '16': 25, '17': 125, '13': 47, '12': 88, '11': 66, '15': 0, '19': 28, '4': 25, '3': 157, '8': 77, '5': 62, '7': 185, '14': 66, '10': 7, '9': 121, '1': 27} {'enode://1@127.0.0.1:1234': -1, 'enode://2@127.0.0.1:1235': 0, 'enode://3@127.0.0.1:1236': -9, 'enode://4@127.0.0.1:1237': 0, 'enode://5@127.0.0.1:1238': -8, 'enode://6@127.0.0.1:1239': 0, 'enode://7@127.0.0.1:1240': -3, 'enode://8@127.0.0.1:1241': -10, 'enode://9@127.0.0.1:1242': -4, 'enode://10@127.0.0.1:1243': -2, 'enode://11@127.0.0.1:1244': 1, 'enode://12@127.0.0.1:1245': -5, 'enode://13@127.0.0.1:1246': 0, 'enode://14@127.0.0.1:1247': -7, 'enode://15@127.0.0.1:1248': 2, 'enode://16@127.0.0.1:1249': 0, 'enode://17@127.0.0.1:1250': -6, 'enode://18@127.0.0.1:1251': 1, 'enode://19@127.0.0.1:1252': 0, 'enode://20@127.0.0.1:1253': 0}
11 1787190530.326 1390 None {'20': 160, '0': 0, '2': 0, '6': 24, '18': 35, '16': 25, '17': 125, '13': 47, '12': 88, '11': 66, '15': 0, '19': 28, '4': 25, '3': 157, '8': 85, '5': 62, '7': 185, '14': 66, '10': 7, '9': 121, '1': 27} {'enode://1@127.0.0.1:1234': 0, 'enode://2@127.0.0.1:1235': 0, 'enode://3@127.0.0.1:1236': -8, 'enode://4@127.0.0.1:1237': 0, 'enode://5@127.0.0.1:1238': -7, 'enode://6@127.0.0.1:1239': 0, 'enode://7@127.0.0.1:1240': -2, 'enode://8@127.0.0.1:1241': -9, 'enode://9@127.0.0.1:1242': -3, 'enode://10@127.0.0.1:1243': -1, 'enode://11@127.0.0.1:1244': 4, 'enode://12@127.0.0.1:1245': -4, 'enode://13@127.0.0.1:1246': 0, 'enode://14@127.0.0.1:1247': -6, 'enode://15@127.0.0.1:1248': -10, 'enode://16@127.0.0.1:1249': 0, 'enode://17@127.0.0.1:1250': -5, 'enode://18@127.0.0.1:1251': 6, 'enode://19@127.0.0.1:1252': 0, 'enode://20@127.0.0.1:1253': 3}
11 1787190530.326 1391 None {'20': 160, '0': 0, '2': 0, '6': 24, '18': 35, '16': 25, '17': 125, '13': 47, '12': 88, '11': 66, '15': 28, '19': 28, '4': 25, '3': 157, '8': 85, '5': 62, '7': 185, '14': 66, '10': 7, '9': 121, '1': 27} {'enode://1@127.0.0.1:1234': 5, 'enode://2@127.0.0.1:1235': 0, 'enode://3@127.0.0.1:1236': -7, 'enode://4@127.0.0.1:1237': 0, 'enode://5@127.0.0.1:1238': -6, 'enode://6@127.0.0.1:1239': 0, 'enode://7@127.0.0.1:1240': -1, 'enode://8@127.0.0.1:1241': -8, 'enode://9@127.0.0.1:1242': -2, 'enode://10@127.0.0.1:1243': 0, 'enode://11@127.0.0.1:1244': 4, 'enode://12@127.0.0.1:1245': -3, 'enode://13@127.0.0.1:1246': 0, 'enode://14@127.0.0.1:1247': -5, 'enode://15@127.0.0.1:1248': -9, 'enode://16@127.0.0.1:1249': 0, 'enode://17@127.0.0.1:1250': -4, 'enode://18@127.0.0.1:1251': -10, 'enode://19@127.0.0.1:1252': 0, 'enode://20@127.0.0.1:1253': 3}
11 1787190530.326 1407 None {'20': 160, '0': 0, '2': 0, '6': 24, '18': 35, '16': 25, '17': 125, '13': 47, '12': 88, '11': 66, '15': 28, '19': 28, '4': 25, '3': 157, '8': 85, '5': 62, '7': 185, '14': 66, '10': 7, '9': 121, '1': 27} {'enode://1@127.0.0.1:1234': -10, 'enode://2@127.0.0.1:1235': 0, 'enode://3@127.0.0.1:1236': -6, 'enode://4@127.0.0.1:1237': 0, 'enode://5@127.0.0.1:1238': -5, 'enode://6@127.0.0.1:1239': 0, 'enode://7@127.0.0.1:1240': 0, 'enode://8@127.0.0.1:1241': -7, 'enode://9@127.0.0.1:1242': -1, 'enode://10@127.0.0.1:1243': 0, 'enode://11@127.0.0.1:1244': 4, 'enode://12@127.0.0.1:1245': -2, 'enode://13@127.0.0.1:1246': 0, 'enode://14@127.0.0.1:1247': -4, 'enode://15@127.0.0.1:1248': -8, 'enode://16@127.0.0.1:1249': 0, 'enode://17@127.0.0.1:1250': -3, 'enode://18@127.0.0.1:1251': -9, 'enode://19@127.0.0.1:1252': 0, 'enode://20@127.0.0.1:1253': 3}
11 1787190530.326 1409 None {'20': 160, '0': 0, '2': 0, '6': 24, '18': 35, '16': 25, '17': 125, '13': 47, '12': 88, '11': 66, '15': 28, '19': 28, '4': 25, '3': 157, '8': 85, '5': 62, '7': 185, '14': 66, '10': 7, '9': 121, '1': 42} {'enode://1@127.0.0.1:1234': -9, 'enode://2@127.0.0.1:1235': 0, 'enode://3@127.0.0.1:1236': -5, 'enode://4@127.0.0.1:1237': 0, 'enode://5@127.0.0.1:1238': -4, 'enode://6@127.0.0.1:1239': 0, 'enode://7@127.0.0.1:1240': 0, 'enode://8@127.0.0.1:1241': -6, 'enode://9@127.0.0.1:1242': 0, 'enode://10@127.0.0.1:1243': 0, 'enode://11@127.0.0.1:1244': -10, 'enode://12@127.0.0.1:1245': -1, 'enode://13@127.0.0.1:1246': 0, 'enode://14@127.0.0.1:1247': -3, 'enode://15@127.0.0.1:1248': -7, 'enode://16@127.0.0.1:1249': 0, 'enode://17@127.0.0.1:1250': -2, 'enode://18@127.0.0.1:1251': -8, 'enode://19@127.0.0.1:1252': 0, 'enode://20@127.0.0.1:1253': 3}
11 1787190530.326 1560 None {'20': 160, '0': 0, '2': 0, '6': 24, '18': 35, '16': 25, '17': 125, '13': 47, '12': 88, '11': 67, '15': 28, '19': 28, '4': 25, '3': 157, '8': 85, '5': 62, '7': 185, '14': 66, '10': 7, '9': 121, '1': 42} {'enode://1@127.0.0.1:1234': -8, 'enode://2@127.0.0.1:1235': 2, 'enode://3@127.0.0.1:1236': -4, 'enode://4@127.0.0.1:1237': 4, 'enode://5@127.0.0.1:1238': -3, 'enode://6@127.0.0.1:1239': 1, 'enode://7@127.0.0.1:1240': 3, 'enode://8@127.0.0.1:1241': -5, 'enode://9@127.0.0.1:1242': 6, 'enode://10@127.0.0.1:1243': 4, 'enode://11@127.0.0.1:1244': -9, 'enode://12@127.0.0.1:1245': 0, 'enode://13@127.0.0.1:1246': -10, 'enode://14@127.0.0.1:1247': -2, 'enode://15@127.0.0.1:1248': -6, 'enode://16@127.0.0.1:1249': 2, 'enode://17@127.0.0.1:1250': -1, 'enode://18@127.0.0.1:1251': -7, 'enode://19@127.0.0.1:1252': 5, 'enode://20@127.0.0.1:1253': 3}
11 1787190530.326 1563 None {'20': 160, '0': 0, '2': 0, '6': 24, '18': 35, '16': 25, '17': 125, '13': 197, '12': 88, '11': 67, '15': 28, '19': 28, '4': 25, '3': 157, '8': 85, '5': 62, '7': 185, '14': 66, '10': 7, '9': 121, '1': 42} {'enode://1@127.0.0.1:1234': -7, 'enode://2@127.0.0.1:1235': 0, 'enode://3@127.0.0.1:1236': -3, 'enode://4@127.0.0.1:1237': 4, 'enode://5@127.0.0.1:1238': -2, 'enode://6@127.0.0.1:1239': 0, 'enode://7@127.0.0.1:1240': 2, 'enode://8@127.0.0.1:1241': -4, 'enode://9@127.0.0.1:1242': -10, 'enode://10@127.0.0.1:1243': 3, 'enode://11@127.0.0.1:1244': -8, 'enode://12@127.0.0.1:1245': 4, 'enode://13@127.0.0.1:1246': -9, 'enode://14@127.0.0.1:1247': -1, 'enode://15@127.0.0.1:1248': -5, 'enode://16@127.0.0.1:1249': 0, 'enode://17@127.0.0.1:1250': 0, 'enode://18@127.0.0.1:1251': -6, 'enode://19@127.0.0.1:1252': 3, 'enode://20@127.0.0.1:1253': 0}
11 1787190530.326 1567 None {'20': 160, '0': 0, '2': 0, '6': 24, '18': 35, '16': 25, '17': 125, '13': 197, '12': 88, '11': 67, '15': 28, '19': 28, '4': 25, '3': 157, '8': 85, '5': 62, '7': 185, '14': 66, '10': 7, '9': 123, '1': 42} {'enode://1@127.0.0.1:1234': -6, 'enode://2@127.0.0.1:1235': 0, 'enode://3@127.0.0.1:1236': -2, 'enode://4@127.0.0.1:1237': 3, 'enode://5@127.0.0.1:1238': -1, 'enode://6@127.0.0.1:1239': 0, 'enode://7@127.0.0.1:1240': 1, 'enode://8@127.0.0.1:1241': -3, 'enode://9@127.0.0.1:1242': -9, 'enode://10@127.0.0.1:1243': 0, 'enode://11@127.0.0.1:1244': -7, 'enode://12@127.0.0.1:1245': -10, 'enode://13@127.0.0.1:1246': -8, 'enode://14@127.0.0.1:1247': 0, 'enode://15@127.0.0.1:1248': -4, 'enode://16@127.0.0.1:1249': 0, 'enode://17@127.0.0.1:1250': 0, 'enode://18@127.0.0.1:1251': -5, 'enode://19@127.0.0.1:1252': 0, 'enode://20@127.0.0.1:1253': 0}
11 1787190530.327 1581 None {'20': 160, '0': 0, '2': 0, '6': 24, '18': 35, '16': 25, '17': 125, '13': 197, '12': 91, '11': 67, '15': 28, '19': 28, '4': 25, '3': 157, '8': 85, '5': 62, '7': 185, '14': 66, '10': 7, '9': 123, '1': 42} {'enode://1@127.0.0.1:1234': -5, 'enode://2@127.0.0.1:1235': 1, 'enode://3@127.0.0.1:1236': -1, 'enode://4@127.0.0.1:1237': -10, 'enode://5@127.0.0.1:1238': 0, 'enode://6@127.0.0.1:1239': 0, 'enode://7@127.0.0.1:1240': 1, 'enode://8@127.0.0.1:1241': -2, 'enode://9@127.0.0.1:1242': -8, 'enode://10@127.0.0.1:1243': 0, 'enode://11@127.0.0.1:1244': -6, 'enode://12@127.0.0.1:1245': -9, 'enode://13@127.0.0.1:1246': -7, 'enode://14@127.0.0.1:1247': 1, 'enode://15@127.0.0.1:1248': -3, 'enode://16@127.0.0.1:1249': 0, 'enode://17@127.0.0.1:1250': 2, 'enode://18@127.0.0.1:1251': -4, 'enode://19@127.0.0.1:1252': 0, 'enode://20@127.0.0.1:1253': 0}
11 1787190530.327 1590 None {'20': 160, '0': 0, '2': 0, '6': 24, '18': 35, '16': 25, '17': 125, '13': 197, '12': 91, '11': 67, '15': 28, '19': 28, '4': 38, '3': 157, '8': 85, '5': 62, '7': 185, '14': 66, '10': 7, '9': 123, '1': 42} {'enode://1@127.0.0.1:1234': -4, 'enode://2@127.0.0.1:1235': 3, 'enode://3@127.0.0.1:1236': 0, 'enode://4@127.0.0.1:1237': -9, 'enode://5@127.0.0.1:1238': 4, 'enode://6@127.0.0.1:1239': 0, 'enode://7@127.0.0.1:1240': 1, 'enode://8@127.0.0.1:1241': -1, 'enode://9@127.0.0.1:1242': -7, 'enode://10@127.0.0.1:1243': 0, 'enode://11@127.0.0.1:1244': -5, 'enode://12@127.0.0.1:1245': -8, 'enode://13@127.0.0.1:1246': -6, 'enode://14@127.0.0.1:1247': 1, 'enode://15@127.0.0.1:1248': -2, 'enode://16@127.0.0.1:1249': 0, 'enode://17@127.0.0.1:1250': -10, 'enode://18@127.0.0.1:1251': -3, 'enode://19@127.0.0.1:1252': 0, 'enode://20@127.0.0.1:1253': 0}
11 1787190530.327 1628 None {'20': 160, '0': 0, '2': 0, '6': 24, '18': 35, '16': 25, '17': 133, '13': 197, '12': 91, '11': 67, '15': 28, '19': 28, '4': 38, '3': 157, '8': 85, '5': 62, '7': 185, '14': 66, '10': 7, '9': 123, '1': 42} {'enode://1@127.0.0.1:1234': -3, 'enode://2@127.0.0.1:1235': 3, 'enode://3@127.0.0.1:1236': 0, 'enode://4@127.0.0.1:1237': -8, 'enode://5@127.0.0.1:1238': -10, 'enode://6@127.0.0.1:1239': 0, 'enode://7@127.0.0.1:1240': 2, 'enode://8@127.0.0.1:1241': 0, 'enode://9@127.0.0.1:1242': -6, 'enode://10@127.0.0.1:1243': 0, 'enode://11@127.0.0.1:1244': -4, 'enode://12@127.0.0.1:1245': -7, 'enode://13@127.0.0.1:1246': -5, 'enode://14@127.0.0.1:1247': 3, 'enode://15@127.0.0.1:1248': -1, 'enode://16@127.0.0.1:1249': 0, 'enode://17@127.0.0.1:1250': -9, 'enode://18@127.0.0.1:1251': -2, 'enode://19@127.0.0.1:1252': 0, 'enode://20@127.0.0.1:1253': 0}
11 1787190530.327 1686 None {'20': 160, '0': 0, '2': 0, '6': 24, '18': 35, '16': 25, '17': 133, '13': 197, '12': 91, '11': 67, '15': 28, '19': 28, '4': 38, '3': 157, '8': 85, '5': 99, '7': 185, '14': 66, '10': 7, '9': 123, '1': 42} {'enode://1@127.0.0.1:1234': -2, 'enode://2@127.0.0.1:1235': -10, 'enode://3@127.0.0.1:1236': 4, 'enode://4@127.0.0.1:1237': -7, 'enode://5@127.0.0.1:1238': -9, 'enode://6@127.0.0.1:1239': 5, 'enode://7@127.0.0.1:1240': 2, 'enode://8@127.0.0.1:1241': 3, 'enode://9@127.0.0.1:1242': -5, 'enode://10@127.0.0.1:1243': 0, 'enode://11@127.0.0.1:1244': -3, 'enode://12@127.0.0.1:1245': -6, 'enode://13@127.0.0.1:1246': -4, 'enode://14@127.0.0.1:1247': 3, 'enode://15@127.0.0.1:1248': 0, 'enode://16@127.0.0.1:1249': 0, 'enode://17@127.0.0.1:1250': -8, 'enode://18@127.0.0.1:1251': -1, 'enode://19@127.0.0.1:1252': 0, 'enode://20@127.0.0.1:1253': 0}
11 1787190530.327 1697 None {'20': 160, '0': 0, '2': 57, '6': 24, '18': 35, '16': 25, '17': 133, '13': 197, '12': 91, '11': 67, '15': 28, '19': 28, '4': 38, '3': 157, '8': 85, '5': 99, '7': 185, '14': 66, '10': 7, '9': 123, '1': 42} {'enode://1@127.0.0.1:1234': -1, 'enode://2@127.0.0.1:1235': -9, 'enode://3@127.0.0.1:1236': 2, 'enode://4@127.0.0.1:1237': -6, 'enode://5@127.0.0.1:1238': -8, 'enode://6@127.0.0.1:1239': -10, 'enode://7@127.0.0.1:1240': 2, 'enode://8@127.0.0.1:1241': 1, 'enode://9@127.0.0.1:1242': -4, 'enode://10@127.0.0.1:1243': 0, 'enode://11@127.0.0.1:1244': -2, 'enode://12@127.0.0.1:1245': -5, 'enode://13@127.0.0.1:1246': -3, 'enode://14@127.0.0.1:1247': 5, 'enode://15@127.0.0.1:1248': 0, 'enode://16@127.0.0.1:1249': 0, 'enode://17@127.0.0.1:1250': -7, 'enode://18@127.0.0.1:1251': 0, 'enode://19@127.0.0.1:1252': 0, 'enode://20@127.0.0.1:1253': 0}
11 1787190530.327 1791 None {'20': 160, '0': 0, '2': 57, '6': 34, '18': 35, '16': 25, '17': 133, '13': 197, '12': 91, '11': 67, '15': 28, '19': 28, '4': 38, '3': 157, '8': 85, '5': 99, '7': 185, '14': 66, '10': 7, '9': 123, '1': 42} {'enode://1@127.0.0.1:1234': 0, 'enode://2@127.0.0.1:1235': -8, 'enode://3@127.0.0.1:1236': -10, 'enode://4@127.0.0.1:1237': -5, 'enode://5@127.0.0.1:1238': -7, 'enode://6@127.0.0.1:1239': -9, 'enode://7@127.0.0.1:1240': 2, 'enode://8@127.0.0.1:1241': 3, 'enode://9@127.0.0.1:1242': -3, 'enode://10@127.0.0.1:1243': 3, 'enode://11@127.0.0.1:1244': -1, 'enode://12@127.0.0.1:1245': -4, 'enode://13@127.0.0.1:1246': -2, 'enode://14@127.0.0.1:1247': 6, 'enode://15@127.0.0.1:1248': 3, 'enode://16@127.0.0.1:1249': 0, 'enode://17@127.0.0.1:1250': -6, 'enode://18@127.0.0.1:1251': 3, 'enode://19@127.0.0.1:1252': 3, 'enode://20@127.0.0.1:1253': 3}
11 1787190530.327 1850 None {'20': 160, '0': 0, '2': 57, '6': 34, '18': 35, '16': 25, '17': 133, '13': 197, '12': 91, '11': 67, '15': 28, '19': 28, '4': 38, '3': 250, '8': 85, '5': 99, '7': 185, '14': 66, '10': 7, '9': 123, '1': 42} {'enode://1@127.0.0.1:1234': 3, 'enode://2@127.0.0.1:1235': -7, 'enode://3@127.0.0.1:1236': -9, 'enode://4@127.0.0.1:1237': -4, 'enode://5@127.0.0.1:1238': -6, 'enode://6@127.0.0.1:1239': -8, 'enode://7@127.0.0.1:1240': 0, 'enode://8@127.0.0.1:1241': 1, 'enode://9@127.0.0.1:1242': -2, 'enode://10@127.0.0.1:1243': 0, 'enode://11@127.0.0.1:1244': 0, 'enode://12@127.0.0.1:1245': -3, 'enode://13@127.0.0.1:1246': -1, 'enode://14@127.0.0.1:1247': 0, 'enode://15@127.0.0.1:1248': 3, 'enode://16@127.0.0.1:1249': 0, 'enode://17@127.0.0.1:1250': -5, 'enode://18@127.0.0.1:1251': 4, 'enode://19@127.0.0.1:1252': 4, 'enode://20@127.0.0.1:1253': -10}
11 1787190530.327 1876 None {'20': 218, '0': 0, '2': 57, '6': 34, '18': 35, '16': 25, '17': 133, '13': 197, '12': 91, '11': 67, '15': 28, '19': 28, '4': 38, '3': 250, '8': 85, '5': 99, '7': 185, '14': 66, '10': 7, '9': 123, '1': 42} {'enode://1@127.0.0.1:1234': 4, 'enode://2@127.0.0.1:1235': -6, 'enode://3@127.0.0.1:1236': -8, 'enode://4@127.0.0.1:1237': -3, 'enode://5@127.0.0.1:1238': -5, 'enode://6@127.0.0.1:1239': -7, 'enode://7@127.0.0.1:1240': 0, 'enode://8@127.0.0.1:1241': 0, 'enode://9@127.0.0.1:1242': -1, 'enode://10@127.0.0.1:1243': 0, 'enode://11@127.0.0.1:1244': 5, 'enode://12@127.0.0.1:1245': -2, 'enode://13@127.0.0.1:1246': 0, 'enode://14@127.0.0.1:1247': 0, 'enode://15@127.0.0.1:1248': 1, 'enode://16@127.0.0.1:1249': 0, 'enode://17@127.0.0.1:1250': -4, 'enode://18@127.0.0.1:1251': 4, 'enode://19@127.0.0.1:1252': -10, 'enode://20@127.0.0.1:1253': -9}
11 1787190530.327 1945 None {'20': 218, '0': 0, '2': 57, '6': 34, '18': 35, '16': 25, '17': 133, '13': 197, '12': 91, '11': 67, '15': 28, '19': 53, '4': 38, '3': 250, '8': 85, '5': 99, '7': 185, '14': 66, '10': 7, '9': 123, '1': 42} {'enode://1@127.0.0.1:1234': 4, 'enode://2@127.0.0.1:1235': -5, 'enode://3@127.0.0.1:1236': -7, 'enode://4@127.0.0.1:1237': -2, 'enode://5@127.0.0.1:1238': -4, 'enode://6@127.0.0.1:1239': -6, 'enode://7@127.0.0.1:1240': 0, 'enode://8@127.0.0.1:1241': 0, 'enode://9@127.0.0.1:1242': 0, 'enode://10@127.0.0.1:1243': 0, 'enode://11@127.0.0.1:1244': -10, 'enode://12@127.0.0.1:1245': -1, 'enode://13@127.0.0.1:1246': 4, 'enode://14@127.0.0.1:1247': 0, 'enode://15@127.0.0.1:1248': 2, 'enode://16@127.0.0.1:1249': 1, 'enode://17@127.0.0.1:1250': -3, 'enode://18@127.0.0.1:1251': 5, 'enode://19@127.0.0.1:1252': -9, 'enode://20@127.0.0.1:1253': -8}
11 1787190530.327 1946 None {'20': 218, '0': 0, '2': 57, '6': 34, '18': 35, '16': 25, '17': 133, '13': 197, '12': 91, '11': 135, '15': 28, '19': 53, '4': 38, '3': 250, '8': 85, '5': 99, '7': 185, '14': 66, '10': 7, '9': 123, '1': 42} {'enode://1@127.0.0.1:1234': 4, 'enode://2@127.0.0.1:1235': -4, 'enode://3@127.0.0.1:1236': -6, 'enode://4@127.0.0.1:1237': -1, 'enode://5@127.0.0.1:1238': -3, 'enode://6@127.0.0.1:1239': -5, 'enode://7@127.0.0.1:1240': 0, 'enode://8@127.0.0.1:1241': 0, 'enode://9@127.0.0.1:1242': 0, 'enode://10@127.0.0.1:1243': 0, 'enode://11@127.0.0.1:1244': -9, 'enode://12@127.0.0.1:1245': 0, 'enode://13@127.0.0.1:1246': 3, 'enode://14@127.0.0.1:1247': 0, 'enode://15@127.0.0.1:1248': 2, 'enode://16@127.0.0.1:1249': 1, 'enode://17@127.0.0.1:1250': -2, 'enode://18@127.0.0.1:1251': -10, 'enode://19@127.0.0.1:1252': -8, 'enode://20@127.0.0.1:1253': -7}
11 1787190530.327 1964 None {'20': 218, '0': 0, '2': 57, '6': 34, '18': 35, '16': 25, '17': 133, '13': 197, '12': 91, '11': 135, '15': 28, '19': 53, '4': 38, '3': 250, '8': 85, '5': 99, '7': 185, '14': 66, '10': 7, '9': 123, '1': 42} {'enode://1@127.0.0.1:1234': -10, 'enode://2@127.0.0.1:1235': -3, 'enode://3@127.0.0.1:1236': -5, 'enode://4@127.0.0.1:1237': 0, 'enode://5@127.0.0.1:1238': -2, 'enode://6@127.0.0.1:1239': -4, 'enode://7@127.0.0.1:1240': 0, 'enode://8@127.0.0.1:1241': 0, 'enode://9@127.0.0.1:1242': 0, 'enode://10@127.0.0.1:1243': 0, 'enode://11@127.0.0.1:1244': -8, 'enode://12@127.0.0.1:1245': 0, 'enode://13@127.0.0.1:1246': 0, 'enode://14@127.0.0.1:1247': 0, 'enode://15@127.0.0.1:1248': 1, 'enode://16@127.0.0.1:1249': 0, 'enode://17@127.0.0.1:1250': -1, 'enode://18@127.0.0.1:1251': -9, 'enode://19@127.0.0.1:1252': -7, 'enode://20@127.0.0.1:1253': -6}
11 1787190530.328 1977 None {'20': 218, '0': 0, '2': 57, '6': 34, '18': 35, '16': 25, '17': 133, '13': 197, '12': 91, '11': 135, '15': 28, '19': 53, '4': 38, '3': 250, '8': 85, '5': 99, '7': 185, '14': 66, '10': 7, '9': 123, '1': 59} {'enode://1@127.0.0.1:1234': -9, 'enode://2@127.0.0.1:1235': -2, 'enode://3@127.0.0.1:1236': -4, 'enode://4@127.0.0.1:1237': 0, 'enode://5@127.0.0.1:1238': -1, 'enode://6@127.0.0.1:1239': -3, 'enode://7@127.0.0.1:1240': 0, 'enode://8@127.0.0.1:1241': 0, 'enode://9@127.0.0.1:1242': 0, 'enode://10@127.0.0.1:1243': 0, 'enode://11@127.0.0.1:1244': -7, 'enode://12@127.0.0.1:1245': 0, 'enode://13@127.0.0.1:1246': 0, 'enode://14@127.0.0.1:1247': 0, 'enode://15@127.0.0.1:1248': -10, 'enode://16@127.0.0.1:1249': 0, 'enode://17@127.0.0.1:1250': 0, 'enode://18@127.0.0.1:1251': -8, 'enode://19@127.0.0.1:1252': -6, 'enode://20@127.0.0.1:1253': -5}
11 1787190530.328 2115 None {'20': 218, '0': 0, '2': 57, '6': 34, '18': 35, '16': 25, '17': 133, '13': 197, '12': 91, '11': 135, '15': 40, '19': 53, '4': 38, '3': 250, '8': 85, '5': 99, '7': 185, '14': 66, '10': 7, '9': 123, '1': 59} {'enode://1@127.0.0.1:1234': -8, 'enode://2@127.0.0.1:1235': -1, 'enode://3@127.0.0.1:1236': -3, 'enode://4@127.0.0.1:1237': 4, 'enode://5@127.0.0.1:1238': 0, 'enode://6@127.0.0.1:1239': -2, 'enode://7@127.0.0.1:1240': 5, 'enode://8@127.0.0.1:1241': 0, 'enode://9@127.0.0.1:1242': 3, 'enode://10@127.0.0.1:1243': 6, 'enode://11@127.0.0.1:1244': -6, 'enode://12@127.0.0.1:1245': 0, 'enode://13@127.0.0.1:1246': 0, 'enode://14@127.0.0.1:1247': -10, 'enode://15@127.0.0.1:1248': -9, 'enode://16@127.0.0.1:1249': 0, 'enode://17@127.0.0.1:1250': 0, 'enode://18@127.0.0.1:1251': -7, 'enode://19@127.0.0.1:1252': -5, 'enode://20@127.0.0.1:1253': -4}
11 1787190530.328 2140 None {'20': 218, '0': 0, '2': 57, '6': 34, '18': 35, '16': 25, '17': 133, '13': 197, '12': 91, '11': 135, '15': 40, '19': 53, '4': 38, '3': 250, '8': 85, '5': 99, '7': 185, '14': 203, '10': 7, '9': 123, '1': 59} {'enode://1@127.0.0.1:1234': -7, 'enode://2@127.0.0.1:1235': 0, 'enode://3@127.0.0.1:1236': -2, 'enode://4@127.0.0.1:1237': 1, 'enode://5@127.0.0.1:1238': 5, 'enode://6@127.0.0.1:1239': -1, 'enode://7@127.0.0.1:1240': 4, 'enode://8@127.0.0.1:1241': 0, 'enode://9@127.0.0.1:1242': 5, 'enode://10@127.0.0.1:1243': -10, 'enode://11@127.0.0.1:1244': -5, 'enode://12@127.0.0.1:1245': 0, 'enode://13@127.0.0.1:1246': 0, 'enode://14@127.0.0.1:1247': -9, 'enode://15@127.0.0.1:1248': -8, 'enode://16@127.0.0.1:1249': 0, 'enode://17@127.0.0.1:1250': 0, 'enode://18@127.0.0.1:1251': -6, 'enode://19@127.0.0.1:1252': -4, 'enode://20@127.0.0.1:1253': -3}
11 1787190530.328 2141 None {'20': 218, '0': 0, '2': 57, '6': 34, '18': 35, '16': 25, '17': 133, '13': 197, '12': 91, '11': 135, '15': 40, '19': 53, '4': 38, '3': 250, '8': 85, '5': 99, '7': 185, '14': 203, '10': 31, '9': 123, '1': 59} {'enode://1@127.0.0.1:1234': -6, 'enode://2@127.0.0.1:1235': 0, 'enode://3@127.0.0.1:1236': -1, 'enode://4@127.0.0.1:1237': 1, 'enode://5@127.0.0.1:1238': 5, 'enode://6@127.0.0.1:1239': 0, 'enode://7@127.0.0.1:1240': 4, 'enode://8@127.0.0.1:1241': 0, 'enode://9@127.0.0.1:1242': -10, 'enode://10@127.0.0.1:1243': -9, 'enode://11@127.0.0.1:1244': -4, 'enode://12@127.0.0.1:1245': 0, 'enode://13@127.0.0.1:1246': 0, 'enode://14@127.0.0.1:1247': -8, 'enode://15@127.0.0.1:1248': -7, 'enode://16@127.0.0.1:1249': 0, 'enode://17@127.0.0.1:1250': 0, 'enode://18@127.0.0.1:1251': -5, 'enode://19@127.0.0.1:1252': -3, 'enode://20@127.0.0.1:1253': -2}
11 1787190530.328 2159 None {'20': 218, '0': 0, '2': 57, '6': 34, '18': 35, '16': 25, '17': 133, '13': 197, '12': 91, '11': 135, '15': 40, '19': 53, '4': 38, '3': 250, '8': 85, '5': 99, '7': 185, '14': 203, '10': 31, '9': 123, '1': 59} {'enode://1@127.0.0.1:1234': -5, 'enode://2@127.0.0.1:1235': 0, 'enode://3@127.0.0.1:1236': 0, 'enode://4@127.0.0.1:1237': 0, 'enode://5@127.0.0.1:1238': -10, 'enode://6@127.0.0.1:1239': 0, 'enode://7@127.0.0.1:1240': 3, 'enode://8@127.0.0.1:1241': 0, 'enode://9@127.0.0.1:1242': -9, 'enode://10@127.0.0.1:1243': -8, 'enode://11@127.0.0.1:1244': -3, 'enode://12@127.0.0.1:1245': 0, 'enode://13@127.0.0.1:1246': 0, 'enode://14@127.0.0.1:1247': -7, 'enode://15@127.0.0.1:1248': -6, 'enode://16@127.0.0.1:1249': 0, 'enode://17@127.0.0.1:1250': 0, 'enode://18@127.0.0.1:1251': -4, 'enode://19@127.0.0.1:1252': -2, 'enode://20@127.0.0.1:1253': -1}
11 1787190530.328 2296 None {'20': 218, '0': 0, '2': 57, '6': 34, '18': 35, '16': 25, '17': 133, '13': 197, '12': 91, '11': 135, '15': 40, '19': 53, '4': 38, '3': 250, '8': 85, '5': 116, '7': 185, '14': 203, '10': 31, '9': 123, '1': 59} {'enode://1@127.0.0.1:1234': -4, 'enode://2@127.0.0.1:1235': 0, 'enode://3@127.0.0.1:1236': 4, 'enode://4@127.0.0.1:1237': 2, 'enode://5@127.0.0.1:1238': -9, 'enode://6@127.0.0.1:1239': 1, 'enode://7@127.0.0.1:1240': 3, 'enode://8@127.0.0.1:1241': -10, 'enode://9@127.0.0.1:1242': -8, 'enode://10@127.0.0.1:1243': -7, 'enode://11@127.0.0.1:1244': -2, 'enode://12@127.0.0.1:1245': 2, 'enode://13@127.0.0.1:1246': 5, 'enode://14@127.0.0.1:1247': -6, 'enode://15@127.0.0.1:1248': -5, 'enode://16@127.0.0.1:1249': 5, 'enode://17@127.0.0.1:1250': 4, 'enode://18@127.0.0.1:1251': -3, 'enode://19@127.0.0.1:1252': -1, 'enode://20@127.0.0.1:1253': 0}
11 1787190530.328 2329 None {'20': 218, '0': 0, '2': 57, '6': 34, '18': 35, '16': 25, '17': 133, '13': 197, '12': 91, '11': 135, '15': 40, '19': 53, '4': 38, '3': 250, '8': 221, '5': 116, '7': 185, '14': 203, '10': 31, '9': 123, '1': 59} {'enode://1@127.0.0.1:1234': -3, 'enode://2@127.0.0.1:1235': 0, 'enode://3@127.0.0.1:1236': 1, 'enode://4@127.0.0.1:1237': 2, 'enode://5@127.0.0.1:1238': -8, 'enode://6@127.0.0.1:1239': 0, 'enode://7@127.0.0.1:1240': 0, 'enode://8@127.0.0.1:1241': -9, 'enode://9@127.0.0.1:1242': -7, 'enode://10@127.0.0.1:1243': -6, 'enode://11@127.0.0.1:1244': -1, 'enode://12@127.0.0.1:1245': 3, 'enode://13@127.0.0.1:1246': 5, 'enode://14@127.0.0.1:1247': -5, 'enode://15@127.0.0.1:1248': -4, 'enode://16@127.0.0.1:1249': -10, 'enode://17@127.0.0.1:1250': 1, 'enode://18@127.0.0.1:1251': -2, 'enode://19@127.0.0.1:1252': 0, 'enode://20@127.0.0.1:1253': 0}
11 1787190530.328 2330 None {'20': 218, '0': 0, '2': 57, '6': 34, '18': 35, '16': 57, '17': 133, '13': 197, '12': 91, '11': 135, '15': 40, '19': 53, '4': 38, '3': 250, '8': 221, '5': 116, '7': 185, '14': 203, '10': 31, '9': 123, '1': 59} {'enode://1@127.0.0.1:1234': -2, 'enode://2@127.0.0.1:1235': 0, 'enode://3@127.0.0.1:1236': 0, 'enode://4@127.0.0.1:1237': 0, 'enode://5@127.0.0.1:1238': -7, 'enode://6@127.0.0.1:1239': 0, 'enode://7@127.0.0.1:1240': 0, 'enode://8@127.0.0.1:1241': -8, 'enode://9@127.0.0.1:1242': -6, 'enode://10@127.0.0.1:1243': -5, 'enode://11@127.0.0.1:1244': 0, 'enode://12@127.0.0.1:1245': 3, 'enode://13@127.0.0.1:1246': -10, 'enode://14@127.0.0.1:1247': -4, 'enode://15@127.0.0.1:1248': -3, 'enode://16@127.0.0.1:1249': -9, 'enode://17@127.0.0.1:1250': 0, 'enode://18@127.0.0.1:1251': -1, 'enode://19@127.0.0.1:1252': 0, 'enode://20@127.0.0.1:1253': 0}
11 1787190530.328 2343 None {'20': 218, '0': 0, '2': 57, '6': 34, '18': 35, '16': 57, '17': 133, '13': 197, '12': 91, '11': 135, '15': 40, '19': 53, '4': 38, '3': 250, '8': 221, '5': 116, '7': 185, '14': 203, '10': 31, '9': 123, '1': 59} {'enode://1@127.0.0.1:1234': -1, 'enode://2@127.0.0.1:1235': 0, 'enode://3@127.0.0.1:1236': 0, 'enode://4@127.0.0.1:1237': 0, 'enode://5@127.0.0.1:1238': -6, 'enode://6@127.0.0.1:1239': 0, 'enode://7@127.0.0.1:1240': 0, 'enode://8@127.0.0.1:1241': -7, 'enode://9@127.0.0.1:1242': -5, 'enode://10@127.0.0.1:1243': -4, 'enode://11@127.0.0.1:1244': 0, 'enode://12@127.0.0.1:1245': -10, 'enode://13@127.0.0.1:1246': -9, 'enode://14@127.0.0.1:1247': -3, 'enode://15@127.0.0.1:1248': -2, 'enode://16@127.0.0.1:1249': -8, 'enode://17@127.0.0.1:1250': 0, 'enode://18@127.0.0.1:1251': 0, 'enode://19@127.0.0.1:1252': 0, 'enode://20@127.0.0.1:1253': 0}
11 1787190530.328 2400 None {'20': 218, '0': 0, '2': 57, '6': 34, '18': 35, '16': 57, '17': 133, '13': 197, '12': 103, '11': 135, '15': 40, '19': 53, '4': 38, '3': 250, '8': 221, '5': 116, '7': 185, '14': 203, '10': 31, '9': 123, '1': 59} {'enode://1@127.0.0.1:1234': 0, 'enode://2@127.0.0.1:1235': -10, 'enode://3@127.0.0.1:1236': 0, 'enode://4@127.0.0.1:1237': 0, 'enode://5@127.0.0.1:1238': -5, 'enode://6@127.0.0.1:1239': 0, 'enode://7@127.0.0.1:1240': 0, 'enode://8@127.0.0.1:1241': -6, 'enode://9@127.0.0.1:1242': -4, 'enode://10@127.0.0.1:1243': -3, 'enode://11@127.0.0.1:1244': 0, 'enode://12@127.0.0.1:1245': -9, 'enode://13@127.0.0.1:1246': -8, 'enode://14@127.0.0.1:1247': -2, 'enode://15@127.0.0.1:1248': -1, 'enode://16@127.0.0.1:1249': -7, 'enode://17@127.0.0.1:1250': 0, 'enode://18@127.0.0.1:1251': 0, 'enode://19@127.0.0.1:1252': 0, 'enode://20@127.0.0.1:1253': 3}
11 1787190530.328 2402 None {'20': 218, '0': 0, '2': 113, '6': 34, '18': 35, '16': 57, '17': 133, '13': 197, '12': 103, '11': 135, '15': 40, '19': 53, '4': 38, '3': 250, '8': 221, '5': 116, '7': 185, '14': 203, '10': 31, '9': 123, '1': 59} {'enode://1@127.0.0.1:1234': 5, 'enode://2@127.0.0.1:1235': -9, 'enode://3@127.0.0.1:1236': 0, 'enode://4@127.0.0.1:1237': 0, 'enode://5@127.0.0.1:1238': -4, 'enode://6@127.0.0.1:1239': 0, 'enode://7@127.0.0.1:1240': 0, 'enode://8@127.0.0.1:1241': -5, 'enode://9@127.0.0.1:1242': -3, 'enode://10@127.0.0.1:1243': -2, 'enode://11@127.0.0.1:1244': 0, 'enode://12@127.0.0.1:1245': -8, 'enode://13@127.0.0.1:1246': -7, 'enode://14@127.0.0.1:1247': -1, 'enode://15@127.0.0.1:1248': 0, 'enode://16@127.0.0.1:1249': -6, 'enode://17@127.0.0.1:1250': 0, 'enode://18@127.0.0.1:1251': 0, 'enode://19@127.0.0.1:1252': 0, 'enode://20@127.0.0.1:1253': -10}
11 1787190530.328 2478 None {'20': 219, '0': 0, '2': 113, '6': 34, '18': 35, '16': 57, '17': 133, '13': 197, '12': 103, '11': 135, '15': 40, '19': 53, '4': 38, '3': 250, '8': 221, '5': 116, '7': 185, '14': 203, '10': 31, '9': 123, '1': 59} {'enode://1@127.0.0.1:1234': -10, 'enode://2@127.0.0.1:1235': -8, 'enode://3@127.0.0.1:1236': 3, 'enode://4@127.0.0.1:1237': 6, 'enode://5@127.0.0.1:1238': -3, 'enode://6@127.0.0.1:1239': 5, 'enode://7@127.0.0.1:1240': 0, 'enode://8@127.0.0.1:1241': -4, 'enode://9@127.0.0.1:1242': -2, 'enode://10@127.0.0.1:1243': -1, 'enode://11@127.0.0.1:1244': 0, 'enode://12@127.0.0.1:1245': -7, 'enode://13@127.0.0.1:1246': -6, 'enode://14@127.0.0.1:1247': 0, 'enode://15@127.0.0.1:1248': 2, 'enode://16@127.0.0.1:1249': -5, 'enode://17@127.0.0.1:1250': 6, 'enode://18@127.0.0.1:1251': 0, 'enode://19@127.0.0.1:1252': 0, 'enode://20@127.0.0.1:1253': -9}
11 1787190530.329 2508 None {'20': 219, '0': 0, '2': 113, '6': 34, '18': 35, '16': 57, '17': 133, '13': 197, '12': 103, '11': 135, '15': 40, '19': 53, '4': 38, '3': 250, '8': 221, '5': 116, '7': 185, '14': 203, '10': 31, '9': 123, '1': 134} {'enode://1@127.0.0.1:1234': -9, 'enode://2@127.0.0.1:1235': -7, 'enode://3@127.0.0.1:1236': 2, 'enode://4@127.0.0.1:1237': -10, 'enode://5@127.0.0.1:1238': -2, 'enode://6@127.0.0.1:1239': 5, 'enode://7@127.0.0.1:1240': 0, 'enode://8@127.0.0.1:1241': -3, 'enode://9@127.0.0.1:1242': -1, 'enode://10@127.0.0.1:1243': 0, 'enode://11@127.0.0.1:1244': 0, 'enode://12@127.0.0.1:1245': -6, 'enode://13@127.0.0.1:1246': -5, 'enode://14@127.0.0.1:1247': 6, 'enode://15@127.0.0.1:1248': 1, 'enode://16@127.0.0.1:1249': -4, 'enode://17@127.0.0.1:1250': 6, 'enode://18@127.0.0.1:1251': 0, 'enode://19@127.0.0.1:1252': 0, 'enode://20@127.0.0.1:1253': -8}
11 1787190530.329 2528 None {'20': 219, '0': 0, '2': 113, '6': 34, '18': 35, '16': 57, '17': 133, '13': 197, '12': 103, '11': 135, '15': 40, '19': 53, '4': 67, '3': 250, '8': 221, '5': 116, '7': 185, '14': 203, '10': 31, '9': 123, '1': 134} {'enode://1@127.0.0.1:1234': -8, 'enode://2@127.0.0.1:1235': -6, 'enode://3@127.0.0.1:1236': 2, 'enode://4@127.0.0.1:1237': -9, 'enode://5@127.0.0.1:1238': -1, 'enode://6@127.0.0.1:1239': 5, 'enode://7@127.0.0.1:1240': 1, 'enode://8@127.0.0.1:1241': -2, 'enode://9@127.0.0.1:1242': 0, 'enode://10@127.0.0.1:1243': 2, 'enode://11@127.0.0.1:1244': 0, 'enode://12@127.0.0.1:1245': -5, 'enode://13@127.0.0.1:1246': -4, 'enode://14@127.0.0.1:1247': 6, 'enode://15@127.0.0.1:1248': 1, 'enode://16@127.0.0.1:1249': -3, 'enode://17@127.0.0.1:1250': -10, 'enode://18@127.0.0.1:1251': 0, 'enode://19@127.0.0.1:1252': 0, 'enode://20@127.0.0.1:1253': -7}
11 1787190530.329 2564 None {'20': 219, '0': 0, '2': 113, '6': 34, '18': 35, '16': 57, '17': 152, '13': 197, '12': 103, '11': 135, '15': 40, '19': 53, '4': 67, '3': 250, '8': 221, '5': 116, '7': 185, '14': 203, '10': 31, '9': 123, '1': 134} {'enode://1@127.0.0.1:1234': -7, 'enode://2@127.0.0.1:1235': -5, 'enode://3@127.0.0.1:1236': 3, 'enode://4@127.0.0.1:1237': -8, 'enode://5@127.0.0.1:1238': 0, 'enode://6@127.0.0.1:1239': 5, 'enode://7@127.0.0.1:1240': 1, 'enode://8@127.0.0.1:1241': -1, 'enode://9@127.0.0.1:1242': 0, 'enode://10@127.0.0.1:1243': 1, 'enode://11@127.0.0.1:1244': 0, 'enode://12@127.0.0.1:1245': -4, 'enode://13@127.0.0.1:1246': -3, 'enode://14@127.0.0.1:1247': -10, 'enode://15@127.0.0.1:1248': 0, 'enode://16@127.0.0.1:1249': -2, 'enode://17@127.0.0.1:1250': -9, 'enode://18@127.0.0.1:1251': 0, 'enode://19@127.0.0.1:1252': 0, 'enode://20@127.0.0.1:1253': -6}
11 1787190530.329 2606 None {'20': 219, '0': 0, '2': 113, '6': 34, '18': 35, '16': 57, '17': 152, '13': 197, '12': 103, '11': 135, '15': 40, '19': 53, '4': 67, '3': 250, '8': 221, '5': 116, '7': 185, '14': 238, '10': 31, '9': 123, '1': 134} {'enode://1@127.0.0.1:1234': -6, 'enode://2@127.0.0.1:1235': -4, 'enode://3@127.0.0.1:1236': 5, 'enode://4@127.0.0.1:1237': -7, 'enode://5@127.0.0.1:1238': 0, 'enode://6@127.0.0.1:1239': -10, 'enode://7@127.0.0.1:1240': 1, 'enode://8@127.0.0.1:1241': 0, 'enode://9@127.0.0.1:1242': 1, 'enode://10@127.0.0.1:1243': 4, 'enode://11@127.0.0.1:1244': 2, 'enode://12@127.0.0.1:1245': -3, 'enode://13@127.0.0.1:1246': -2, 'enode://14@127.0.0.1:1247': -9, 'enode://15@127.0.0.1:1248': 1, 'enode://16@127.0.0.1:1249': -1, 'enode://17@127.0.0.1:1250': -8, 'enode://18@127.0.0.1:1251': 1, 'enode://19@127.0.0.1:1252': 1, 'enode://20@127.0.0.1:1253': -5}
11 1787190530.329 2615 None {'20': 219, '0': 0, '2': 113, '6': 75, '18': 35, '16': 57, '17': 152, '13': 197, '12': 103, '11': 135, '15': 40, '19': 53, '4': 67, '3': 250, '8': 221, '5': 116, '7': 185, '14': 238, '10': 31, '9': 123, '1': 134} {'enode://1@127.0.0.1:1234': -5, 'enode://2@127.0.0.1:1235': -3, 'enode://3@127.0.0.1:1236': -10, 'enode://4@127.0.0.1:1237': -6, 'enode://5@127.0.0.1:1238': 0, 'enode://6@127.0.0.1:1239': -9, 'enode://7@127.0.0.1:1240': 2, 'enode://8@127.0.0.1:1241': 1, 'enode://9@127.0.0.1:1242': 0, 'enode://10@127.0.0.1:1243': 3, 'enode://11@127.0.0.1:1244': 1, 'enode://12@127.0.0.1:1245': -2, 'enode://13@127.0.0.1:1246': -1, 'enode://14@127.0.0.1:1247': -8, 'enode://15@127.0.0.1:1248': 0, 'enode://16@127.0.0.1:1249': 0, 'enode://17@127.0.0.1:1250': -7, 'enode://18@127.0.0.1:1251': 0, 'enode://19@127.0.0.1:1252': 0, 'enode://20@127.0.0.1:1253': -4}
11 1787190530.329 2663 None {'20': 219, '0': 0, '2': 113, '6': 75, '18': 35, '16': 57, '17': 152, '13': 197, '12': 103, '11': 135, '15': 40, '19': 53, '4': 67, '3': 258, '8': 221, '5': 116, '7': 185, '14': 238, '10': 31, '9': 123, '1': 134} {'enode://1@127.0.0.1:1234': -4, 'enode://2@127.0.0.1:1235': -2, 'enode://3@127.0.0.1:1236': -9, 'enode://4@127.0.0.1:1237': -5, 'enode://5@127.0.0.1:1238': 0, 'enode://6@127.0.0.1:1239': -8, 'enode://7@127.0.0.1:1240': -10, 'enode://8@127.0.0.1:1241': 0, 'enode://9@127.0.0.1:1242': 0, 'enode://10@127.0.0.1:1243': 4, 'enode://11@127.0.0.1:1244': 3, 'enode://12@127.0.0.1:1245': -1, 'enode://13@127.0.0.1:1246': 0, 'enode://14@127.0.0.1:1247': -7, 'enode://15@127.0.0.1:1248': 3, 'enode://16@127.0.0.1:1249': 2, 'enode://17@127.0.0.1:1250': -6, 'enode://18@127.0.0.1:1251': 1, 'enode://19@127.0.0.1:1252': 3, 'enode://20@127.0.0.1:1253': -3}
11 1787190530.329 2756 None {'20': 219, '0': 0, '2': 113, '6': 75, '18': 35, '16': 57, '17': 152, '13': 197, '12': 103, '11': 135, '15': 40, '19': 53, '4': 67, '3': 258, '8': 221, '5': 116, '7': 232, '14': 238, '10': 31, '9': 123, '1': 134} {'enode://1@127.0.0.1:1234': -3, 'enode://2@127.0.0.1:1235': -1, 'enode://3@127.0.0.1:1236': -8, 'enode://4@127.0.0.1:1237': -4, 'enode://5@127.0.0.1:1238': 0, 'enode://6@127.0.0.1:1239': -7, 'enode://7@127.0.0.1:1240': -9, 'enode://8@127.0.0.1:1241': 0, 'enode://9@127.0.0.1:1242': 5, 'enode://10@127.0.0.1:1243': -10, 'enode://11@127.0.0.1:1244': 7, 'enode://12@127.0.0.1:1245': 0, 'enode://13@127.0.0.1:1246': 2, 'enode://14@127.0.0.1:1247': -6, 'enode://15@127.0.0.1:1248': 7, 'enode://16@127.0.0.1:1249': 2, 'enode://17@127.0.0.1:1250': -5, 'enode://18@127.0.0.1:1251': 4, 'enode://19@127.0.0.1:1252': 3, 'enode://20@127.0.0.1:1253': -2}
11 1787190530.329 2772 None {'20': 219, '0': 0, '2': 113, '6': 75, '18': 35, '16': 57, '17': 152, '13': 197, '12': 103, '11': 135, '15': 40, '19': 53, '4': 67, '3': 258, '8': 221, '5': 116, '7': 232, '14': 238, '10': 123, '9': 123, '1': 134} {'enode://1@127.0.0.1:1234': -2, 'enode://2@127.0.0.1:1235': 0, 'enode://3@127.0.0.1:1236': -7, 'enode://4@127.0.0.1:1237': -3, 'enode://5@127.0.0.1:1238': 0, 'enode://6@127.0.0.1:1239': -6, 'enode://7@127.0.0.1:1240': -8, 'enode://8@127.0.0.1:1241': 0, 'enode://9@127.0.0.1:1242': 6, 'enode://10@127.0.0.1:1243': -9, 'enode://11@127.0.0.1:1244': 7, 'enode://12@127.0.0.1:1245': 7, 'enode://13@127.0.0.1:1246': 2, 'enode://14@127.0.0.1:1247': -5, 'enode://15@127.0.0.1:1248': -10, 'enode://16@127.0.0.1:1249': 3, 'enode://17@127.0.0.1:1250': -4, 'enode://18@127.0.0.1:1251': 4, 'enode://19@127.0.0.1:1252': 3, 'enode://20@127.0.0.1:1253': -1}
11 1787190530.329 2810 None {'20': 219, '0': 0, '2': 113, '6': 75, '18': 35, '16': 57, '17': 152, '13': 197, '12': 103, '11': 135, '15': 55, '19': 53, '4': 67, '3': 258, '8': 221, '5': 116, '7': 232, '14': 238, '10': 123, '9': 123, '1': 134} {'enode://1@127.0.0.1:1234': -1, 'enode://2@127.0.0.1:1235': 0, 'enode://3@127.0.0.1:1236': -6, 'enode://4@127.0.0.1:1237': -2, 'enode://5@127.0.0.1:1238': 0, 'enode://6@127.0.0.1:1239': -5, 'enode://7@127.0.0.1:1240': -7, 'enode://8@127.0.0.1:1241': 0, 'enode://9@127.0.0.1:1242': 7, 'enode://10@127.0.0.1:1243': -8, 'enode://11@127.0.0.1:1244': 5, 'enode://12@127.0.0.1:1245': -10, 'enode://13@127.0.0.1:1246': 4, 'enode://14@127.0.0.1:1247': -4, 'enode://15@127.0.0.1:1248': -9, 'enode://16@127.0.0.1:1249': 3, 'enode://17@127.0.0.1:1250': -3, 'enode://18@127.0.0.1:1251': 1, 'enode://19@127.0.0.1:1252': 1, 'enode://20@127.0.0.1:1253': 0}
11 1787190530.329 2852 None {'20': 219, '0': 0, '2': 113, '6': 75, '18': 35, '16': 57, '17': 152, '13': 197, '12': 140, '11': 135, '15': 55, '19': 53, '4': 67, '3': 258, '8': 221, '5': 116, '7': 232, '14': 238, '10': 123, '9': 123, '1': 134} {'enode://1@127.0.0.1:1234': 0, 'enode://2@127.0.0.1:1235': 0, 'enode://3@127.0.0.1:1236': -5, 'enode://4@127.0.0.1:1237': -1, 'enode://5@127.0.0.1:1238': 0, 'enode://6@127.0.0.1:1239': -4, 'enode://7@127.0.0.1:1240': -6, 'enode://8@127.0.0.1:1241': 0, 'enode://9@127.0.0.1:1242': 8, 'enode://10@127.0.0.1:1243': -7, 'enode://11@127.0.0.1:1244': -10, 'enode://12@127.0.0.1:1245': -9, 'enode://13@127.0.0.1:1246': 4, 'enode://14@127.0.0.1:1247': -3, 'enode://15@127.0.0.1:1248': -8, 'enode://16@127.0.0.1:1249': 3, 'enode://17@127.0.0.1:1250': -2, 'enode://18@127.0.0.1:1251': 1, 'enode://19@127.0.0.1:1252': 1, 'enode://20@127.0.0.1:1253': 4}
11 1787190530.329 2858 None {'20': 219, '0': 0, '2': 113, '6': 75, '18': 35, '16': 57, '17': 152, '13': 197, '12': 140, '11': 176, '15': 55, '19': 53, '4': 67, '3': 258, '8': 221, '5': 116, '7': 232, '14': 238, '10': 123, '9': 123, '1': 134} {'enode://1@127.0.0.1:1234': 0, 'enode://2@127.0.0.1:1235': 0, 'enode://3@127.0.0.1:1236': -4, 'enode://4@127.0.0.1:1237': 0, 'enode://5@127.0.0.1:1238': 0, 'enode://6@127.0.0.1:1239': -3, 'enode://7@127.0.0.1:1240': -5, 'enode://8@127.0.0.1:1241': 0, 'enode://9@127.0.0.1:1242': -10, 'enode://10@127.0.0.1:1243': -6, 'enode://11@127.0.0.1:1244': -9, 'enode://12@127.0.0.1:1245': -8, 'enode://13@127.0.0.1:1246': 4, 'enode://14@127.0.0.1:1247': -2, 'enode://15@127.0.0.1:1248': -7, 'enode://16@127.0.0.1:1249': 0, 'enode://17@127.0.0.1:1250': -1, 'enode://18@127.0.0.1:1251': 0, 'enode://19@127.0.0.1:1252': 0, 'enode://20@127.0.0.1:1253': 0}
11 1787190530.33 2875 None {'20': 219, '0': 0, '2': 113, '6': 75, '18': 35, '16': 57, '17': 152, '13': 197, '12': 140, '11': 176, '15': 55, '19': 53, '4': 67, '3': 258, '8': 221, '5': 116, '7': 232, '14': 238, '10': 123, '9': 128, '1': 134} {'enode://1@127.0.0.1:1234': 1, 'enode://2@127.0.0.1:1235': 0, 'enode://3@127.0.0.1:1236': -3, 'enode://4@127.0.0.1:1237': 2, 'enode://5@127.0.0.1:1238': 0, 'enode://6@127.0.0.1:1239': -2, 'enode://7@127.0.0.1:1240': -4, 'enode://8@127.0.0.1:1241': 0, 'enode://9@127.0.0.1:1242': -9, 'enode://10@127.0.0.1:1243': -5, 'enode://11@127.0.0.1:1244': -8, 'enode://12@127.0.0.1:1245': -7, 'enode://13@127.0.0.1:1246': -10, 'enode://14@127.0.0.1:1247': -1, 'enode://15@127.0.0.1:1248': -6, 'enode://16@127.0.0.1:1249': 0, 'enode://17@127.0.0.1:1250': 0, 'enode://18@127.0.0.1:1251': 0, 'enode://19@127.0.0.1:1252': 1, 'enode://20@127.0.0.1:1253': 0}
11 1787190530.33 2941 None {'20': 219, '0': 0, '2': 113, '6': 75, '18': 35, '16': 57, '17': 152, '13': 213, '12': 140, '11': 176, '15': 55, '19': 53, '4': 67, '3': 258, '8': 221, '5': 116, '7': 232, '14': 238, '10': 123, '9': 128, '1': 134} {'enode://1@127.0.0.1:1234': 1, 'enode://2@127.0.0.1:1235': 0, 'enode://3@127.0.0.1:1236': -2, 'enode://4@127.0.0.1:1237': -10, 'enode://5@127.0.0.1:1238': 0, 'enode://6@127.0.0.1:1239': -1, 'enode://7@127.0.0.1:1240': -3, 'enode://8@127.0.0.1:1241': 0, 'enode://9@127.0.0.1:1242': -8, 'enode://10@127.0.0.1:1243': -4, 'enode://11@127.0.0.1:1244': -7, 'enode://12@127.0.0.1:1245': -6, 'enode://13@127.0.0.1:1246': -9, 'enode://14@127.0.0.1:1247': 0, 'enode://15@127.0.0.1:1248': -5, 'enode://16@127.0.0.1:1249': 2, 'enode://17@127.0.0.1:1250': 3, 'enode://18@127.0.0.1:1251': 0, 'enode://19@127.0.0.1:1252': 1, 'enode://20@127.0.0.1:1253': 2}
11 1787190530.33 2946 None {'20': 219, '0': 0, '2': 113, '6': 75, '18': 35, '16': 57, '17': 152, '13': 213, '12': 140, '11': 176, '15': 55, '19': 53, '4': 132, '3': 258, '8': 221, '5': 116, '7': 232, '14': 238, '10': 123, '9': 128, '1': 134} {'enode://1@127.0.0.1:1234': 0, 'enode://2@127.0.0.1:1235': 0, 'enode://3@127.0.0.1:1236': -1, 'enode://4@127.0.0.1:1237': -9, 'enode://5@127.0.0.1:1238': 0, 'enode://6@127.0.0.1:1239': 0, 'enode://7@127.0.0.1:1240': -2, 'enode://8@127.0.0.1:1241': 0, 'enode://9@127.0.0.1:1242': -7, 'enode://10@127.0.0.1:1243': -3, 'enode://11@127.0.0.1:1244': -6, 'enode://12@127.0.0.1:1245': -5, 'enode://13@127.0.0.1:1246': -8, 'enode://14@127.0.0.1:1247': 3, 'enode://15@127.0.0.1:1248': -4, 'enode://16@127.0.0.1:1249': 2, 'enode://17@127.0.0.1:1250': -10, 'enode://18@127.0.0.1:1251': 0, 'enode://19@127.0.0.1:1252': 0, 'enode://20@127.0.0.1:1253': 2}
11 1787190530.33 2969 None {'20': 219, '0': 0, '2': 113, '6': 75, '18': 35, '16': 57, '17': 156, '13': 213, '12': 140, '11': 176, '15': 55, '19': 53, '4': 132, '3': 258, '8': 221, '5': 116, '7': 232, '14': 238, '10': 123, '9': 128, '1': 134} {'enode://1@127.0.0.1:1234': 0, 'enode://2@127.0.0.1:1235': 0, 'enode://3@127.0.0.1:1236': 0, 'enode://4@127.0.0.1:1237': -8, 'enode://5@127.0.0.1:1238': 0, 'enode://6@127.0.0.1:1239': 0, 'enode://7@127.0.0.1:1240': -1, 'enode://8@127.0.0.1:1241': 0, 'enode://9@127.0.0.1:1242': -6, 'enode://10@127.0.0.1:1243': -2, 'enode://11@127.0.0.1:1244': -5, 'enode://12@127.0.0.1:1245': -4, 'enode://13@127.0.0.1:1246': -7, 'enode://14@127.0.0.1:1247': -10, 'enode://15@127.0.0.1:1248': -3, 'enode://16@127.0.0.1:1249': 2, 'enode://17@127.0.0.1:1250': -9, 'enode://18@127.0.0.1:1251': 0, 'enode://19@127.0.0.1:1252': 0, 'enode://20@127.0.0.1:1253': 3}
11 1787190530.33 2972 None {'20': 219, '0': 0, '2': 113, '6': 75, '18': 35, '16': 57, '17': 156, '13': 213, '12': 140, '11': 176, '15': 55, '19': 53, '4': 132, '3': 258, '8': 221, '5': 116, '7': 232, '14': 260, '10': 123, '9': 128, '1': 134} {'enode://1@127.0.0.1:1234': 0, 'enode://2@127.0.0.1:1235': 0, 'enode://3@127.0.0.1:1236': 4, 'enode://4@127.0.0.1:1237': -7, 'enode://5@127.0.0.1:1238': 0, 'enode://6@127.0.0.1:1239': 0, 'enode://7@127.0.0.1:1240': 0, 'enode://8@127.0.0.1:1241': 0, 'enode://9@127.0.0.1:1242': -5, 'enode://10@127.0.0.1:1243': -1, 'enode://11@127.0.0.1:1244': -4, 'enode://12@127.0.0.1:1245': -3, 'enode://13@127.0.0.1:1246': -6, 'enode://14@127.0.0.1:1247': -9, 'enode://15@127.0.0.1:1248': -2, 'enode://16@127.0.0.1:1249': 2, 'enode://17@127.0.0.1:1250': -8, 'enode://18@127.0.0.1:1251': 0, 'enode://19@127.0.0.1:1252': 0, 'enode://20@127.0.0.1:1253': -10}
11 1787190530.33 2999 None {'20': 221, '0': 0, '2': 113, '6': 75, '18': 35, '16': 57, '17': 156, '13': 213, '12': 140, '11': 176, '15': 55, '19': 53, '4': 132, '3': 258, '8': 221, '5': 116, '7': 232, '14': 260, '10': 123, '9': 128, '1': 134} {'enode://1@127.0.0.1:1234': 0, 'enode://2@127.0.0.1:1235': 0, 'enode://3@127.0.0.1:1236': -10, 'enode://4@127.0.0.1:1237': -6, 'enode://5@127.0.0.1:1238': 0, 'enode://6@127.0.0.1:1239': 0, 'enode://7@127.0.0.1:1240': 0, 'enode://8@127.0.0.1:1241': 0, 'enode://9@127.0.0.1:1242': -4, 'enode://10@127.0.0.1:1243': 0, 'enode://11@127.0.0.1:1244': -3, 'enode://12@127.0.0.1:1245': -2, 'enode://13@127.0.0.1:1246': -5, 'enode://14@127.0.0.1:1247': -8, 'enode://15@127.0.0.1:1248': -1, 'enode://16@127.0.0.1:1249': 4, 'enode://17@127.0.0.1:1250': -7, 'enode://18@127.0.0.1:1251': 0, 'enode://19@127.0.0.1:1252': 0, 'enode://20@127.0.0.1:1253': -9}
11 1787190530.33 3004 None {'20': 221, '0': 0, '2': 113, '6': 75, '18': 35, '16': 57, '17': 156, '13': 213, '12': 140, '11': 176, '15': 55, '19': 53, '4': 132, '3': 284, '8': 221, '5': 116, '7': 232, '14': 260, '10': 123, '9': 128, '1': 134} {'enode://1@127.0.0.1:1234': 0, 'enode://2@127.0.0.1:1235': 0, 'enode://3@127.0.0.1:1236': -9, 'enode://4@127.0.0.1:1237': -5, 'enode://5@127.0.0.1:1238': 0, 'enode://6@127.0.0.1:1239': 0, 'enode://7@127.0.0.1:1240': 0, 'enode://8@127.0.0.1:1241': 0, 'enode://9@127.0.0.1:1242': -3, 'enode://10@127.0.0.1:1243': 3, 'enode://11@127.0.0.1:1244': -2, 'enode://12@127.0.0.1:1245': -1, 'enode://13@127.0.0.1:1246': -4, 'enode://14@127.0.0.1:1247': -7, 'enode://15@127.0.0.1:1248': 0, 'enode://16@127.0.0.1:1249': -10, 'enode://17@127.0.0.1:1250': -6, 'enode://18@127.0.0.1:1251': 0, 'enode://19@127.0.0.1:1252': 0, 'enode://20@127.0.0.1:1253': -8}
11 1787190530.33 3023 None {'20': 221, '0': 0, '2': 113, '6': 75, '18': 35, '16': 61, '17': 156, '13': 213, '12': 140, '11': 176, '15': 55, '19': 53, '4': 132, '3': 284, '8': 221, '5': 116, '7': 232, '14': 260, '10': 123, '9': 128, '1': 134} {'enode://1@127.0.0.1:1234': 2, 'enode://2@127.0.0.1:1235': 0, 'enode://3@127.0.0.1:1236': -8, 'enode://4@127.0.0.1:1237': -4, 'enode://5@127.0.0.1:1238': 0, 'enode://6@127.0.0.1:1239': 0, 'enode://7@127.0.0.1:1240': 0, 'enode://8@127.0.0.1:1241': 0, 'enode://9@127.0.0.1:1242': -2, 'enode://10@127.0.0.1:1243': -10, 'enode://11@127.0.0.1:1244': -1, 'enode://12@127.0.0.1:1245': 0, 'enode://13@127.0.0.1:1246': -3, 'enode://14@127.0.0.1:1247': -6, 'enode://15@127.0.0.1:1248': 0, 'enode://16@127.0.0.1:1249': -9, 'enode://17@127.0.0.1:1250': -5, 'enode://18@127.0.0.1:1251': 0, 'enode://19@127.0.0.1:1252': 0, 'enode://20@127.0.0.1:1253': -7}
11 1787190530.33 3072 None {'20': 221, '0': 0, '2': 113, '6': 75, '18': 35, '16': 61, '17': 156, '13': 213, '12': 140, '11': 176, '15': 55, '19': 53, '4': 132, '3': 284, '8': 221, '5': 116, '7': 232, '14': 260, '10': 141, '9': 128, '1': 134} {'enode://1@127.0.0.1:1234': -10, 'enode://2@127.0.0.1:1235': 0, 'enode://3@127.0.0.1:1236': -7, 'enode://4@127.0.0.1:1237': -3, 'enode://5@127.0.0.1:1238': 0, 'enode://6@127.0.0.1:1239': 2, 'enode://7@127.0.0.1:1240': 0, 'enode://8@127.0.0.1:1241': 0, 'enode://9@127.0.0.1:1242': -1, 'enode://10@127.0.0.1:1243': -9, 'enode://11@127.0.0.1:1244': 0, 'enode://12@127.0.0.1:1245': 2, 'enode://13@127.0.0.1:1246': -2, 'enode://14@127.0.0.1:1247': -5, 'enode://15@127.0.0.1:1248': 1, 'enode://16@127.0.0.1:1249': -8, 'enode://17@127.0.0.1:1250': -4, 'enode://18@127.0.0.1:1251': 0, 'enode://19@127.0.0.1:1252': 0, 'enode://20@127.0.0.1:1253': -6}
11 1787190530.331 3097 None {'20': 221, '0': 0, '2': 113, '6': 75, '18': 35, '16': 61, '17': 156, '13': 213, '12': 140, '11': 176, '15': 55, '19': 53, '4': 132, '3': 284, '8': 221, '5': 116, '7': 232, '14': 260, '10': 141, '9': 128, '1': 182} {'enode://1@127.0.0.1:1234': -9, 'enode://2@127.0.0.1:1235': 0, 'enode://3@127.0.0.1:1236': -6, 'enode://4@127.0.0.1:1237': -2, 'enode://5@127.0.0.1:1238': 1, 'enode://6@127.0.0.1:1239': -10, 'enode://7@127.0.0.1:1240': 0, 'enode://8@127.0.0.1:1241': 0, 'enode://9@127.0.0.1:1242': 0, 'enode://10@127.0.0.1:1243': -8, 'enode://11@127.0.0.1:1244': 0, 'enode://12@127.0.0.1:1245': 0, 'enode://13@127.0.0.1:1246': -1, 'enode://14@127.0.0.1:1247': -4, 'enode://15@127.0.0.1:1248': 0, 'enode://16@127.0.0.1:1249': -7, 'enode://17@127.0.0.1:1250': -3, 'enode://18@127.0.0.1:1251': 2, 'enode://19@127.0.0.1:1252': 2, 'enode://20@127.0.0.1:1253': -5}
11 1787190530.331 3249 None {'20': 221, '0': 0, '2': 113, '6': 99, '18': 35, '16': 61, '17': 156, '13': 213, '12': 140, '11': 176, '15': 55, '19': 53, '4': 132, '3': 284, '8': 221, '5': 116, '7': 232, '14': 260, '10': 141, '9': 128, '1': 182} {'enode://1@127.0.0.1:1234': -8, 'enode://2@127.0.0.1:1235': 4, 'enode://3@127.0.0.1:1236': -5, 'enode://4@127.0.0.1:1237': -1, 'enode://5@127.0.0.1:1238': -10, 'enode://6@127.0.0.1:1239': -9, 'enode://7@127.0.0.1:1240': 1, 'enode://8@127.0.0.1:1241': 0, 'enode://9@127.0.0.1:1242': 2, 'enode://10@127.0.0.1:1243': -7, 'enode://11@127.0.0.1:1244': 2, 'enode://12@127.0.0.1:1245': 2, 'enode://13@127.0.0.1:1246': 0, 'enode://14@127.0.0.1:1247': -3, 'enode://15@127.0.0.1:1248': 4, 'enode://16@127.0.0.1:1249': -6, 'enode://17@127.0.0.1:1250': -2, 'enode://18@127.0.0.1:1251': 3, 'enode://19@127.0.0.1:1252': 4, 'enode://20@127.0.0.1:1253': -4}
11 1787190530.331 3254 None {'20': 221, '0': 0, '2': 113, '6': 99, '18': 35, '16': 61, '17': 156, '13': 213, '12': 140, '11': 176, '15': 55, '19': 53, '4': 132, '3': 284, '8': 221, '5': 267, '7': 232, '14': 260, '10': 141, '9': 128, '1': 182} {'enode://1@127.0.0.1:1234': -7, 'enode://2@127.0.0.1:1235': 2, 'enode://3@127.0.0.1:1236': -4, 'enode://4@127.0.0.1:1237': 0, 'enode://5@127.0.0.1:1238': -9, 'enode://6@127.0.0.1:1239': -8, 'enode://7@127.0.0.1:1240': 0, 'enode://8@127.0.0.1:1241': 0, 'enode://9@127.0.0.1:1242': 0, 'enode://10@127.0.0.1:1243': -6, 'enode://11@127.0.0.1:1244': 0, 'enode://12@127.0.0.1:1245': 0, 'enode://13@127.0.0.1:1246': 2, 'enode://14@127.0.0.1:1247': -2, 'enode://15@127.0.0.1:1248': 2, 'enode://16@127.0.0.1:1249': -5, 'enode://17@127.0.0.1:1250': -1, 'enode://18@127.0.0.1:1251': 3, 'enode://19@127.0.0.1:1252': -10, 'enode://20@127.0.0.1:1253': -3}
11 1787190530.331 3262 None {'20': 221, '0': 0, '2': 113, '6': 99, '18': 35, '16': 61, '17': 156, '13': 213, '12': 140, '11': 176, '15': 55, '19': 57, '4': 132, '3': 284, '8': 221, '5': 267, '7': 232, '14': 260, '10': 141, '9': 128, '1': 182} {'enode://1@127.0.0.1:1234': -6, 'enode://2@127.0.0.1:1235': 2, 'enode://3@127.0.0.1:1236': -3, 'enode://4@127.0.0.1:1237': 0, 'enode://5@127.0.0.1:1238': -8, 'enode://6@127.0.0.1:1239': -7, 'enode://7@127.0.0.1:1240': 0, 'enode://8@127.0.0.1:1241': 0, 'enode://9@127.0.0.1:1242': 0, 'enode://10@127.0.0.1:1243': -5, 'enode://11@127.0.0.1:1244': 0, 'enode://12@127.0.0.1:1245': 0, 'enode://13@127.0.0.1:1246': 2, 'enode://14@127.0.0.1:1247': -1, 'enode://15@127.0.0.1:1248': 2, 'enode://16@127.0.0.1:1249': -4, 'enode://17@127.0.0.1:1250': 0, 'enode://18@127.0.0.1:1251': -10, 'enode://19@127.0.0.1:1252': -9, 'enode://20@127.0.0.1:1253': -2}
11 1787190530.331 3304 None {'20': 221, '0': 0, '2': 113, '6': 99, '18': 42, '16': 61, '17': 156, '13': 213, '12': 140, '11': 176, '15': 55, '19': 57, '4': 132, '3': 284, '8': 221, '5': 267, '7': 232, '14': 260, '10': 141, '9': 128, '1': 182} {'enode://1@127.0.0.1:1234': -5, 'enode://2@127.0.0.1:1235': 2, 'enode://3@127.0.0.1:1236': -2, 'enode://4@127.0.0.1:1237': 0, 'enode://5@127.0.0.1:1238': -7, 'enode://6@127.0.0.1:1239': -6, 'enode://7@127.0.0.1:1240': 0, 'enode://8@127.0.0.1:1241': 0, 'enode://9@127.0.0.1:1242': 2, 'enode://10@127.0.0.1:1243': -4, 'enode://11@127.0.0.1:1244': 0, 'enode://12@127.0.0.1:1245': 3, 'enode://13@127.0.0.1:1246': -10, 'enode://14@127.0.0.1:1247': 0, 'enode://15@127.0.0.1:1248': 2, 'enode://16@127.0.0.1:1249': -3, 'enode://17@127.0.0.1:1250': 0, 'enode://18@127.0.0.1:1251': -9, 'enode://19@127.0.0.1:1252': -8, 'enode://20@127.0.0.1:1253': -1}
11 1787190530.331 3313 None {'20': 221, '0': 0, '2': 113, '6': 99, '18': 42, '16': 61, '17': 156, '13': 254, '12': 140, '11': 176, '15': 55, '19': 57, '4': 132, '3': 284, '8': 221, '5': 267, '7': 232, '14': 260, '10': 141, '9': 128, '1': 182} {'enode://1@127.0.0.1:1234': -4, 'enode://2@127.0.0.1:1235': 3, 'enode://3@127.0.0.1:1236': -1, 'enode://4@127.0.0.1:1237': 0, 'enode://5@127.0.0.1:1238': -6, 'enode://6@127.0.0.1:1239': -5, 'enode://7@127.0.0.1:1240': 0, 'enode://8@127.0.0.1:1241': 0, 'enode://9@127.0.0.1:1242': 2, 'enode://10@127.0.0.1:1243': -3, 'enode://11@127.0.0.1:1244': 0, 'enode://12@127.0.0.1:1245': -10, 'enode://13@127.0.0.1:1246': -9, 'enode://14@127.0.0.1:1247': 0, 'enode://15@127.0.0.1:1248': 1, 'enode://16@127.0.0.1:1249': -2, 'enode://17@127.0.0.1:1250': 0, 'enode://18@127.0.0.1:1251': -8, 'enode://19@127.0.0.1:1252': -7, 'enode://20@127.0.0.1:1253': 0}
11 1787190530.331 3328 None {'20': 221, '0': 0, '2': 113, '6': 99, '18': 42, '16': 61, '17': 156, '13': 254, '12': 148, '11': 176, '15': 55, '19': 57, '4': 132, '3': 284, '8': 221, '5': 267, '7': 232, '14': 260, '10': 141, '9': 128, '1': 182} {'enode://1@127.0.0.1:1234': -3, 'enode://2@127.0.0.1:1235': 2, 'enode://3@127.0.0.1:1236': 0, 'enode://4@127.0.0.1:1237': 0, 'enode://5@127.0.0.1:1238': -5, 'enode://6@127.0.0.1:1239': -4, 'enode://7@127.0.0.1:1240': 0, 'enode://8@127.0.0.1:1241': 0, 'enode://9@127.0.0.1:1242': -10, 'enode://10@127.0.0.1:1243': -2, 'enode://11@127.0.0.1:1244': 0, 'enode://12@127.0.0.1:1245': -9, 'enode://13@127.0.0.1:1246': -8, 'enode://14@127.0.0.1:1247': 0, 'enode://15@127.0.0.1:1248': 3, 'enode://16@127.0.0.1:1249': -1, 'enode://17@127.0.0.1:1250': 0, 'enode://18@127.0.0.1:1251': -7, 'enode://19@127.0.0.1:1252': -6, 'enode://20@127.0.0.1:1253': 0}
11 1787190530.331 3347 None {'20': 221, '0': 0, '2': 113, '6': 99, '18': 42, '16': 61, '17': 156, '13': 254, '12': 148, '11': 176, '15': 55, '19': 57, '4': 132, '3': 284, '8': 221, '5': 267, '7': 232, '14': 260, '10': 141, '9': 142, '1': 182} {'enode://1@127.0.0.1:1234': -2, 'enode://2@127.0.0.1:1235': 0, 'enode://3@127.0.0.1:1236': 0, 'enode://4@127.0.0.1:1237': 0, 'enode://5@127.0.0.1:1238': -4, 'enode://6@127.0.0.1:1239': -3, 'enode://7@127.0.0.1:1240': 0, 'enode://8@127.0.0.1:1241': 0, 'enode://9@127.0.0.1:1242': -9, 'enode://10@127.0.0.1:1243': -1, 'enode://11@127.0.0.1:1244': 0, 'enode://12@127.0.0.1:1245': -8, 'enode://13@127.0.0.1:1246': -7, 'enode://14@127.0.0.1:1247': 0, 'enode://15@127.0.0.1:1248': -10, 'enode://16@127.0.0.1:1249': 0, 'enode://17@127.0.0.1:1250': 0, 'enode://18@127.0.0.1:1251': -6, 'enode://19@127.0.0.1:1252': -5, 'enode://20@127.0.0.1:1253': 0}
11 1787190530.331 3484 None {'20': 221, '0': 0, '2': 113, '6': 99, '18': 42, '16': 61, '17': 156, '13': 254, '12': 148, '11': 176, '15': 73, '19': 57, '4': 132, '3': 284, '8': 221, '5': 267, '7': 232, '14': 260, '10': 141, '9': 142, '1': 182} {'enode://1@127.0.0.1:1234': -1, 'enode://2@127.0.0.1:1235': 0, 'enode://3@127.0.0.1:1236': -10, 'enode://4@127.0.0.1:1237': 6, 'enode://5@127.0.0.1:1238': -3, 'enode://6@127.0.0.1:1239': -2, 'enode://7@127.0.0.1:1240': 1, 'enode://8@127.0.0.1:1241': 0, 'enode://9@127.0.0.1:1242': -8, 'enode://10@127.0.0.1:1243': 0, 'enode://11@127.0.0.1:1244': 0, 'enode://12@127.0.0.1:1245': -7, 'enode://13@127.0.0.1:1246': -6, 'enode://14@127.0.0.1:1247': 5, 'enode://15@127.0.0.1:1248': -9, 'enode://16@127.0.0.1:1249': 3, 'enode://17@127.0.0.1:1250': 5, 'enode://18@127.0.0.1:1251': -5, 'enode://19@127.0.0.1:1252': -4, 'enode://20@127.0.0.1:1253': 4}
11 1787190530.331 3486 None {'20': 221, '0': 0, '2': 113, '6': 99, '18': 42, '16': 61, '17': 156, '13': 254, '12': 148, '11': 176, '15': 73, '19': 57, '4': 132, '3': 420, '8': 221, '5': 267, '7': 232, '14': 260, '10': 141, '9': 142, '1': 182} {'enode://1@127.0.0.1:1234': 0, 'enode://2@127.0.0.1:1235': 0, 'enode://3@127.0.0.1:1236': -9, 'enode://4@127.0.0.1:1237': -10, 'enode://5@127.0.0.1:1238': -2, 'enode://6@127.0.0.1:1239': -1, 'enode://7@127.0.0.1:1240': 0, 'enode://8@127.0.0.1:1241': 0, 'enode://9@127.0.0.1:1242': -7, 'enode://10@127.0.0.1:1243': 0, 'enode://11@127.0.0.1:1244': 0, 'enode://12@127.0.0.1:1245': -6, 'enode://13@127.0.0.1:1246': -5, 'enode://14@127.0.0.1:1247': 0, 'enode://15@127.0.0.1:1248': -8, 'enode://16@127.0.0.1:1249': 0, 'enode://17@127.0.0.1:1250': 0, 'enode://18@127.0.0.1:1251': -4, 'enode://19@127.0.0.1:1252': -3, 'enode://20@127.0.0.1:1253': 0}
11 1787190530.332 3527 None {'20': 221, '0': 0, '2': 113, '6': 99, '18': 42, '16': 61, '17': 156, '13': 254, '12': 148, '11': 176, '15': 73, '19': 57, '4': 133, '3': 420, '8': 221, '5': 267, '7': 232, '14': 260, '10': 141, '9': 142, '1': 182} {'enode://1@127.0.0.1:1234': 0, 'enode://2@127.0.0.1:1235': 0, 'enode://3@127.0.0.1:1236': -8, 'enode://4@127.0.0.1:1237': -9, 'enode://5@127.0.0.1:1238': -1, 'enode://6@127.0.0.1:1239': 0, 'enode://7@127.0.0.1:1240': 0, 'enode://8@127.0.0.1:1241': 0, 'enode://9@127.0.0.1:1242': -6, 'enode://10@127.0.0.1:1243': 2, 'enode://11@127.0.0.1:1244': 0, 'enode://12@127.0.0.1:1245': -5, 'enode://13@127.0.0.1:1246': -4, 'enode://14@127.0.0.1:1247': 0, 'enode://15@127.0.0.1:1248': -7, 'enode://16@127.0.0.1:1249': 0, 'enode://17@127.0.0.1:1250': 3, 'enode://18@127.0.0.1:1251': -3, 'enode://19@127.0.0.1:1252': -2, 'enode://20@127.0.0.1:1253': -10}
11 1787190530.332 3539 None {'20': 261, '0': 0, '2': 113, '6': 99, '18': 42, '16': 61, '17': 156, '13': 254, '12': 148, '11': 176, '15': 73, '19': 57, '4': 133, '3': 420, '8': 221, '5': 267, '7': 232, '14': 260, '10': 141, '9': 142, '1': 182} {'enode://1@127.0.0.1:1234': 0, 'enode://2@127.0.0.1:1235': 0, 'enode://3@127.0.0.1:1236': -7, 'enode://4@127.0.0.1:1237': -8, 'enode://5@127.0.0.1:1238': 0, 'enode://6@127.0.0.1:1239': 0, 'enode://7@127.0.0.1:1240': 0, 'enode://8@127.0.0.1:1241': 0, 'enode://9@127.0.0.1:1242': -5, 'enode://10@127.0.0.1:1243': 3, 'enode://11@127.0.0.1:1244': 0, 'enode://12@127.0.0.1:1245': -4, 'enode://13@127.0.0.1:1246': -3, 'enode://14@127.0.0.1:1247': 0, 'enode://15@127.0.0.1:1248': -6, 'enode://16@127.0.0.1:1249': 0, 'enode://17@127.0.0.1:1250': -10, 'enode://18@127.0.0.1:1251': -2, 'enode://19@127.0.0.1:1252': -1, 'enode://20@127.0.0.1:1253': -9}
11 1787190530.332 3593 None {'20': 261, '0': 0, '2': 113, '6': 99, '18': 42, '16': 61, '17': 167, '13': 254, '12': 148, '11': 176, '15': 73, '19': 57, '4': 133, '3': 420, '8': 221, '5': 267, '7': 232, '14': 260, '10': 141, '9': 142, '1': 182} {'enode://1@127.0.0.1:1234': 0, 'enode://2@127.0.0.1:1235': 2, 'enode://3@127.0.0.1:1236': -6, 'enode://4@127.0.0.1:1237': -7, 'enode://5@127.0.0.1:1238': 0, 'enode://6@127.0.0.1:1239': 0, 'enode://7@127.0.0.1:1240': 0, 'enode://8@127.0.0.1:1241': 0, 'enode://9@127.0.0.1:1242': -4, 'enode://10@127.0.0.1:1243': -10, 'enode://11@127.0.0.1:1244': 0, 'enode://12@127.0.0.1:1245': -3, 'enode://13@127.0.0.1:1246': -2, 'enode://14@127.0.0.1:1247': 0, 'enode://15@127.0.0.1:1248': -5, 'enode://16@127.0.0.1:1249': 0, 'enode://17@127.0.0.1:1250': -9, 'enode://18@127.0.0.1:1251': -1, 'enode://19@127.0.0.1:1252': 0, 'enode://20@127.0.0.1:1253': -8}
11 1787190530.332 3697 None {'20': 261, '0': 0, '2': 113, '6': 99, '18': 42, '16': 61, '17': 167, '13': 254, '12': 148, '11': 176, '15': 73, '19': 57, '4': 133, '3': 420, '8': 221, '5': 267, '7': 232, '14': 260, '10': 194, '9': 142, '1': 182} {'enode://1@127.0.0.1:1234': 5, 'enode://2@127.0.0.1:1235': -10, 'enode://3@127.0.0.1:1236': -5, 'enode://4@127.0.0.1:1237': -6, 'enode://5@127.0.0.1:1238': 2, 'enode://6@127.0.0.1:1239': 3, 'enode://7@127.0.0.1:1240': 0, 'enode://8@127.0.0.1:1241': 0, 'enode://9@127.0.0.1:1242': -3, 'enode://10@127.0.0.1:1243': -9, 'enode://11@127.0.0.1:1244': 2, 'enode://12@127.0.0.1:1245': -2, 'enode://13@127.0.0.1:1246': -1, 'enode://14@127.0.0.1:1247': 2, 'enode://15@127.0.0.1:1248': -4, 'enode://16@127.0.0.1:1249': 6, 'enode://17@127.0.0.1:1250': -8, 'enode://18@127.0.0.1:1251': 0, 'enode://19@127.0.0.1:1252': 2, 'enode://20@127.0.0.1:1253': -7}
11 1787190530.332 3721 None {'20': 261, '0': 0, '2': 216, '6': 99, '18': 42, '16': 61, '17': 167, '13': 254, '12': 148, '11': 176, '15': 73, '19': 57, '4': 133, '3': 420, '8': 221, '5': 267, '7': 232, '14': 260, '10': 194, '9': 142, '1': 182} {'enode://1@127.0.0.1:1234': 5, 'enode://2@127.0.0.1:1235': -9, 'enode://3@127.0.0.1:1236': -4, 'enode://4@127.0.0.1:1237': -5, 'enode://5@127.0.0.1:1238': 3, 'enode://6@127.0.0.1:1239': 1, 'enode://7@127.0.0.1:1240': 0, 'enode://8@127.0.0.1:1241': 0, 'enode://9@127.0.0.1:1242': -2, 'enode://10@127.0.0.1:1243': -8, 'enode://11@127.0.0.1:1244': 0, 'enode://12@127.0.0.1:1245': -1, 'enode://13@127.0.0.1:1246': 0, 'enode://14@127.0.0.1:1247': 1, 'enode://15@127.0.0.1:1248': -3, 'enode://16@127.0.0.1:1249': -10, 'enode://17@127.0.0.1:1250': -7, 'enode://18@127.0.0.1:1251': 3, 'enode://19@127.0.0.1:1252': 3, 'enode://20@127.0.0.1:1253': -6}
11 1787190530.332 3750 None {'20': 261, '0': 0, '2': 216, '6': 99, '18': 42, '16': 84, '17': 167, '13': 254, '12': 148, '11': 176, '15': 73, '19': 57, '4': 133, '3': 420, '8': 221, '5': 267, '7': 232, '14': 260, '10': 194, '9': 142, '1': 182} {'enode://1@127.0.0.1:1234': -10, 'enode://2@127.0.0.1:1235': -8, 'enode://3@127.0.0.1:1236': -3, 'enode://4@127.0.0.1:1237': -4, 'enode://5@127.0.0.1:1238': 0, 'enode://6@127.0.0.1:1239': 1, 'enode://7@127.0.0.1:1240': 0, 'enode://8@127.0.0.1:1241': 0, 'enode://9@127.0.0.1:1242': -1, 'enode://10@127.0.0.1:1243': -7, 'enode://11@127.0.0.1:1244': 0, 'enode://12@127.0.0.1:1245': 0, 'enode://13@127.0.0.1:1246': 2, 'enode://14@127.0.0.1:1247': 0, 'enode://15@127.0.0.1:1248': -2, 'enode://16@127.0.0.1:1249': -9, 'enode://17@127.0.0.1:1250': -6, 'enode://18@127.0.0.1:1251': 1, 'enode://19@127.0.0.1:1252': 0, 'enode://20@127.0.0.1:1253': -5}
11 1787190530.332 3800 None {'20': 261, '0': 0, '2': 216, '6': 99, '18': 42, '16': 84, '17': 167, '13': 254, '12': 148, '11': 176, '15': 73, '19': 57, '4': 133, '3': 420, '8': 221, '5': 267, '7': 232, '14': 260, '10': 194, '9': 142, '1': 210} {'enode://1@127.0.0.1:1234': -9, 'enode://2@127.0.0.1:1235': -7, 'enode://3@127.0.0.1:1236': -2, 'enode://4@127.0.0.1:1237': -3, 'enode://5@127.0.0.1:1238': 1, 'enode://6@127.0.0.1:1239': 1, 'enode://7@127.0.0.1:1240': 0, 'enode://8@127.0.0.1:1241': 0, 'enode://9@127.0.0.1:1242': 0, 'enode://10@127.0.0.1:1243': -6, 'enode://11@127.0.0.1:1244': 0, 'enode://12@127.0.0.1:1245': 0, 'enode://13@127.0.0.1:1246': -10, 'enode://14@127.0.0.1:1247': 0, 'enode://15@127.0.0.1:1248': -1, 'enode://16@127.0.0.1:1249': -8, 'enode://17@127.0.0.1:1250': -5, 'enode://18@127.0.0.1:1251': 2, 'enode://19@127.0.0.1:1252': 1, 'enode://20@127.0.0.1:1253': -4}
11 1787190530.332 3821 None {'20': 261, '0': 0, '2': 216, '6': 99, '18': 42, '16': 84, '17': 167, '13': 303, '12': 148, '11': 176, '15': 73, '19': 57, '4': 133, '3': 420, '8': 221, '5': 267, '7': 232, '14': 260, '10': 194, '9': 142, '1': 210} {'enode://1@127.0.0.1:1234': -8, 'enode://2@127.0.0.1:1235': -6, 'enode://3@127.0.0.1:1236': -1, 'enode://4@127.0.0.1:1237': -2, 'enode://5@127.0.0.1:1238': 0, 'enode://6@127.0.0.1:1239': -10, 'enode://7@127.0.0.1:1240': 1, 'enode://8@127.0.0.1:1241': 0, 'enode://9@127.0.0.1:1242': 4, 'enode://10@127.0.0.1:1243': -5, 'enode://11@127.0.0.1:1244': 0, 'enode://12@127.0.0.1:1245': 0, 'enode://13@127.0.0.1:1246': -9, 'enode://14@127.0.0.1:1247': 0, 'enode://15@127.0.0.1:1248': 0, 'enode://16@127.0.0.1:1249': -7, 'enode://17@127.0.0.1:1250': -4, 'enode://18@127.0.0.1:1251': 2, 'enode://19@127.0.0.1:1252': 0, 'enode://20@127.0.0.1:1253': -3}
11 1787190530.332 3889 None {'20': 261, '0': 0, '2': 216, '6': 119, '18': 42, '16': 84, '17': 167, '13': 303, '12': 148, '11': 176, '15': 73, '19': 57, '4': 133, '3': 420, '8': 221, '5': 267, '7': 232, '14': 260, '10': 194, '9': 142, '1': 210} {'enode://1@127.0.0.1:1234': -7, 'enode://2@127.0.0.1:1235': -5, 'enode://3@127.0.0.1:1236': 0, 'enode://4@127.0.0.1:1237': -1, 'enode://5@127.0.0.1:1238': 0, 'enode://6@127.0.0.1:1239': -9, 'enode://7@127.0.0.1:1240': 1, 'enode://8@127.0.0.1:1241': 0, 'enode://9@127.0.0.1:1242': -10, 'enode://10@127.0.0.1:1243': -4, 'enode://11@127.0.0.1:1244': 0, 'enode://12@127.0.0.1:1245': 0, 'enode://13@127.0.0.1:1246': -8, 'enode://14@127.0.0.1:1247': 2, 'enode://15@127.0.0.1:1248': 1, 'enode://16@127.0.0.1:1249': -6, 'enode://17@127.0.0.1:1250': -3, 'enode://18@127.0.0.1:1251': 0, 'enode://19@127.0.0.1:1252': 0, 'enode://20@127.0.0.1:1253': -2}
11 1787190530.332 3926 None {'20': 261, '0': 0, '2': 216, '6': 119, '18': 42, '16': 84, '17': 167, '13': 303, '12': 148, '11': 176, '15': 73, '19': 57, '4': 133, '3': 420, '8': 221, '5': 267, '7': 232, '14': 260, '10': 194, '9': 209, '1': 210} {'enode://1@127.0.0.1:1234': -6, 'enode://2@127.0.0.1:1235': -4, 'enode://3@127.0.0.1:1236': 2, 'enode://4@127.0.0.1:1237': 0, 'enode://5@127.0.0.1:1238': 0, 'enode://6@127.0.0.1:1239': -8, 'enode://7@127.0.0.1:1240': 1, 'enode://8@127.0.0.1:1241': 0, 'enode://9@127.0.0.1:1242': -9, 'enode://10@127.0.0.1:1243': -3, 'enode://11@127.0.0.1:1244': 0, 'enode://12@127.0.0.1:1245': 0, 'enode://13@127.0.0.1:1246': -7, 'enode://14@127.0.0.1:1247': -10, 'enode://15@127.0.0.1:1248': 0, 'enode://16@127.0.0.1:1249': -5, 'enode://17@127.0.0.1:1250': -2, 'enode://18@127.0.0.1:1251': 0, 'enode://19@127.0.0.1:1252': 0, 'enode://20@127.0.0.1:1253': -1}
11 1787190530.332 4146 None {'20': 261, '0': 0, '2': 216, '6': 119, '18': 42, '16': 84, '17': 167, '13': 303, '12': 148, '11': 176, '15': 73, '19': 57, '4': 133, '3': 420, '8': 221, '5': 267, '7': 232, '14': 296, '10': 194, '9': 209, '1': 210} {'enode://1@127.0.0.1:1234': -5, 'enode://2@127.0.0.1:1235': -3, 'enode://3@127.0.0.1:1236': 4, 'enode://4@127.0.0.1:1237': 5, 'enode://5@127.0.0.1:1238': 0, 'enode://6@127.0.0.1:1239': -7, 'enode://7@127.0.0.1:1240': 0, 'enode://8@127.0.0.1:1241': 5, 'enode://9@127.0.0.1:1242': -8, 'enode://10@127.0.0.1:1243': -2, 'enode://11@127.0.0.1:1244': 0, 'enode://12@127.0.0.1:1245': 1, 'enode://13@127.0.0.1:1246': -6, 'enode://14@127.0.0.1:1247': -9, 'enode://15@127.0.0.1:1248': -10, 'enode://16@127.0.0.1:1249': -4, 'enode://17@127.0.0.1:1250': -1, 'enode://18@127.0.0.1:1251': 0, 'enode://19@127.0.0.1:1252': 0, 'enode://20@127.0.0.1:1253': 0}
11 1787190530.332 4280 None {'20': 261, '0': 0, '2': 216, '6': 119, '18': 42, '16': 84, '17': 167, '13': 303, '12': 148, '11': 176, '15': 292, '19': 57, '4': 133, '3': 420, '8': 221, '5': 267, '7': 232, '14': 296, '10': 194, '9': 209, '1': 210} {'enode://1@127.0.0.1:1234': -4, 'enode://2@127.0.0.1:1235': -2, 'enode://3@127.0.0.1:1236': 3, 'enode://4@127.0.0.1:1237': 5, 'enode://5@127.0.0.1:1238': -10, 'enode://6@127.0.0.1:1239': -6, 'enode://7@127.0.0.1:1240': 3, 'enode://8@127.0.0.1:1241': 8, 'enode://9@127.0.0.1:1242': -7, 'enode://10@127.0.0.1:1243': -1, 'enode://11@127.0.0.1:1244': 2, 'enode://12@127.0.0.1:1245': 2, 'enode://13@127.0.0.1:1246': -5, 'enode://14@127.0.0.1:1247': -8, 'enode://15@127.0.0.1:1248': -9, 'enode://16@127.0.0.1:1249': -3, 'enode://17@127.0.0.1:1250': 0, 'enode://18@127.0.0.1:1251': 4, 'enode://19@127.0.0.1:1252': 6, 'enode://20@127.0.0.1:1253': 2}
11 1787190530.332 4318 None {'20': 261, '0': 0, '2': 216, '6': 119, '18': 42, '16': 84, '17': 167, '13': 303, '12': 148, '11': 176, '15': 292, '19': 57, '4': 133, '3': 420, '8': 221, '5': 400, '7': 232, '14': 296, '10': 194, '9': 209, '1': 210} {'enode://1@127.0.0.1:1234': -3, 'enode://2@127.0.0.1:1235': -1, 'enode://3@127.0.0.1:1236': 0, 'enode://4@127.0.0.1:1237': 0, 'enode://5@127.0.0.1:1238': -9, 'enode://6@127.0.0.1:1239': -5, 'enode://7@127.0.0.1:1240': 0, 'enode://8@127.0.0.1:1241': -10, 'enode://9@127.0.0.1:1242': -6, 'enode://10@127.0.0.1:1243': 0, 'enode://11@127.0.0.1:1244': 5, 'enode://12@127.0.0.1:1245': 0, 'enode://13@127.0.0.1:1246': -4, 'enode://14@127.0.0.1:1247': -7, 'enode://15@127.0.0.1:1248': -8, 'enode://16@127.0.0.1:1249': -2, 'enode://17@127.0.0.1:1250': 0, 'enode://18@127.0.0.1:1251': 0, 'enode://19@127.0.0.1:1252': 5, 'enode://20@127.0.0.1:1253': 4}
11 1787190530.333 4319 None {'20': 261, '0': 0, '2': 216, '6': 119, '18': 42, '16': 84, '17': 167, '13': 303, '12': 148, '11': 176, '15': 292, '19': 57, '4': 133, '3': 420, '8': 258, '5': 400, '7': 232, '14': 296, '10': 194, '9': 209, '1': 210} {'enode://1@127.0.0.1:1234': -2, 'enode://2@127.0.0.1:1235': 0, 'enode://3@127.0.0.1:1236': 0, 'enode://4@127.0.0.1:1237': 0, 'enode://5@127.0.0.1:1238': -8, 'enode://6@127.0.0.1:1239': -4, 'enode://7@127.0.0.1:1240': 0, 'enode://8@127.0.0.1:1241': -9, 'enode://9@127.0.0.1:1242': -5, 'enode://10@127.0.0.1:1243': 0, 'enode://11@127.0.0.1:1244': -10, 'enode://12@127.0.0.1:1245': 0, 'enode://13@127.0.0.1:1246': -3, 'enode://14@127.0.0.1:1247': -6, 'enode://15@127.0.0.1:1248': -7, 'enode://16@127.0.0.1:1249': -1, 'enode://17@127.0.0.1:1250': 0, 'enode://18@127.0.0.1:1251': 0, 'enode://19@127.0.0.1:1252': 5, 'enode://20@127.0.0.1:1253': 4}
11 1787190530.333 4339 None {'20': 261, '0': 0, '2': 216, '6': 119, '18': 42, '16': 84, '17': 167, '13': 303, '12': 148, '11': 176, '15': 292, '19': 57, '4': 133, '3': 420, '8': 258, '5': 400, '7': 232, '14': 296, '10': 194, '9': 209, '1': 210} {'enode://1@127.0.0.1:1234': -1, 'enode://2@127.0.0.1:1235': 0, 'enode://3@127.0.0.1:1236': 0, 'enode://4@127.0.0.1:1237': 0, 'enode://5@127.0.0.1:1238': -7, 'enode://6@127.0.0.1:1239': -3, 'enode://7@127.0.0.1:1240': 0, 'enode://8@127.0.0.1:1241': -8, 'enode://9@127.0.0.1:1242': -4, 'enode://10@127.0.0.1:1243': 0, 'enode://11@127.0.0.1:1244': -9, 'enode://12@127.0.0.1:1245': 0, 'enode://13@127.0.0.1:1246': -2, 'enode://14@127.0.0.1:1247': -5, 'enode://15@127.0.0.1:1248': -6, 'enode://16@127.0.0.1:1249': 0, 'enode://17@127.0.0.1:1250': 0, 'enode://18@127.0.0.1:1251': 0, 'enode://19@127.0.0.1:1252': 3, 'enode://20@127.0.0.1:1253': -10}
11 1787190530.333 4498 None {'20': 280, '0': 0, '2': 216, '6': 119, '18': 42, '16': 84, '17': 167, '13': 303, '12': 148, '11': 176, '15': 292, '19': 57, '4': 133, '3': 420, '8': 258, '5': 400, '7': 232, '14': 296, '10': 194, '9': 209, '1': 210} {'enode://1@127.0.0.1:1234': 0, 'enode://2@127.0.0.1:1235': 1, 'enode://3@127.0.0.1:1236': 0, 'enode://4@127.0.0.1:1237': 0, 'enode://5@127.0.0.1:1238': -6, 'enode://6@127.0.0.1:1239': -2, 'enode://7@127.0.0.1:1240': 1, 'enode://8@127.0.0.1:1241': -7, 'enode://9@127.0.0.1:1242': -3, 'enode://10@127.0.0.1:1243': 0, 'enode://11@127.0.0.1:1244': -8, 'enode://12@127.0.0.1:1245': 5, 'enode://13@127.0.0.1:1246': -1, 'enode://14@127.0.0.1:1247': -4, 'enode://15@127.0.0.1:1248': -5, 'enode://16@127.0.0.1:1249': 0, 'enode://17@127.0.0.1:1250': -10, 'enode://18@127.0.0.1:1251': 4, 'enode://19@127.0.0.1:1252': 0, 'enode://20@127.0.0.1:1253': -9}
11 1787190530.333 4501 None {'20': 280, '0': 0, '2': 216, '6': 119, '18': 42, '16': 84, '17': 325, '13': 303, '12': 148, '11': 176, '15': 292, '19': 57, '4': 133, '3': 420, '8': 258, '5': 400, '7': 232, '14': 296, '10': 194, '9': 209, '1': 210} {'enode://1@127.0.0.1:1234': 0, 'enode://2@127.0.0.1:1235': 0, 'enode://3@127.0.0.1:1236': 0, 'enode://4@127.0.0.1:1237': 0, 'enode://5@127.0.0.1:1238': -5, 'enode://6@127.0.0.1:1239': -1, 'enode://7@127.0.0.1:1240': 0, 'enode://8@127.0.0.1:1241': -6, 'enode://9@127.0.0.1:1242': -2, 'enode://10@127.0.0.1:1243': 0, 'enode://11@127.0.0.1:1244': -7, 'enode://12@127.0.0.1:1245': -10, 'enode://13@127.0.0.1:1246': 0, 'enode://14@127.0.0.1:1247': -3, 'enode://15@127.0.0.1:1248': -4, 'enode://16@127.0.0.1:1249': 0, 'enode://17@127.0.0.1:1250': -9, 'enode://18@127.0.0.1:1251': 2, 'enode://19@127.0.0.1:1252': 0, 'enode://20@127.0.0.1:1253': -8}
11 1787190530.333 4510 None {'20': 280, '0': 0, '2': 216, '6': 119, '18': 42, '16': 84, '17': 325, '13': 303, '12': 150, '11': 176, '15': 292, '19': 57, '4': 133, '3': 420, '8': 258, '5': 400, '7': 232, '14': 296, '10': 194, '9': 209, '1': 210} {'enode://1@127.0.0.1:1234': 0, 'enode://2@127.0.0.1:1235': 0, 'enode://3@127.0.0.1:1236': 0, 'enode://4@127.0.0.1:1237': 0, 'enode://5@127.0.0.1:1238': -4, 'enode://6@127.0.0.1:1239': 0, 'enode://7@127.0.0.1:1240': 0, 'enode://8@127.0.0.1:1241': -5, 'enode://9@127.0.0.1:1242': -1, 'enode://10@127.0.0.1:1243': 0, 'enode://11@127.0.0.1:1244': -6, 'enode://12@127.0.0.1:1245': -9, 'enode://13@127.0.0.1:1246': 0, 'enode://14@127.0.0.1:1247': -2, 'enode://15@127.0.0.1:1248': -3, 'enode://16@127.0.0.1:1249': 0, 'enode://17@127.0.0.1:1250': -8, 'enode://18@127.0.0.1:1251': -10, 'enode://19@127.0.0.1:1252': 0, 'enode://20@127.0.0.1:1253': -7}
11 1787190530.333 4611 None {'20': 280, '0': 0, '2': 216, '6': 119, '18': 50, '16': 84, '17': 325, '13': 303, '12': 150, '11': 176, '15': 292, '19': 57, '4': 133, '3': 420, '8': 258, '5': 400, '7': 232, '14': 296, '10': 194, '9': 209, '1': 210} {'enode://1@127.0.0.1:1234': 0, 'enode://2@127.0.0.1:1235': 0, 'enode://3@127.0.0.1:1236': 0, 'enode://4@127.0.0.1:1237': 0, 'enode://5@127.0.0.1:1238': -3, 'enode://6@127.0.0.1:1239': 0, 'enode://7@127.0.0.1:1240': 0, 'enode://8@127.0.0.1:1241': -4, 'enode://9@127.0.0.1:1242': 0, 'enode://10@127.0.0.1:1243': 0, 'enode://11@127.0.0.1:1244': -5, 'enode://12@127.0.0.1:1245': -8, 'enode://13@127.0.0.1:1246': 2, 'enode://14@127.0.0.1:1247': -1, 'enode://15@127.0.0.1:1248': -2, 'enode://16@127.0.0.1:1249': -10, 'enode://17@127.0.0.1:1250': -7, 'enode://18@127.0.0.1:1251': -9, 'enode://19@127.0.0.1:1252': 5, 'enode://20@127.0.0.1:1253': -6}
11 1787190530.333 4634 None {'20': 280, '0': 0, '2': 216, '6': 119, '18': 50, '16': 184, '17': 325, '13': 303, '12': 150, '11': 176, '15': 292, '19': 57, '4': 133, '3': 420, '8': 258, '5': 400, '7': 232, '14': 296, '10': 194, '9': 209, '1': 210} {'enode://1@127.0.0.1:1234': 0, 'enode://2@127.0.0.1:1235': 0, 'enode://3@127.0.0.1:1236': 0, 'enode://4@127.0.0.1:1237': 0, 'enode://5@127.0.0.1:1238': -2, 'enode://6@127.0.0.1:1239': 0, 'enode://7@127.0.0.1:1240': 0, 'enode://8@127.0.0.1:1241': -3, 'enode://9@127.0.0.1:1242': 0, 'enode://10@127.0.0.1:1243': 0, 'enode://11@127.0.0.1:1244': -4, 'enode://12@127.0.0.1:1245': -7, 'enode://13@127.0.0.1:1246': 1, 'enode://14@127.0.0.1:1247': 0, 'enode://15@127.0.0.1:1248': -1, 'enode://16@127.0.0.1:1249': -9, 'enode://17@127.0.0.1:1250': -6, 'enode://18@127.0.0.1:1251': -8, 'enode://19@127.0.0.1:1252': -10, 'enode://20@127.0.0.1:1253': -5}
11 1787190530.333 4757 None {'20': 280, '0': 0, '2': 216, '6': 119, '18': 50, '16': 184, '17': 325, '13': 303, '12': 150, '11': 176, '15': 292, '19': 79, '4': 133, '3': 420, '8': 258, '5': 400, '7': 232, '14': 296, '10': 194, '9': 209, '1': 210} {'enode://1@127.0.0.1:1234': 0, 'enode://2@127.0.0.1:1235': 0, 'enode://3@127.0.0.1:1236': 1, 'enode://4@127.0.0.1:1237': 0, 'enode://5@127.0.0.1:1238': -1, 'enode://6@127.0.0.1:1239': 0, 'enode://7@127.0.0.1:1240': 0, 'enode://8@127.0.0.1:1241': -2, 'enode://9@127.0.0.1:1242': 0, 'enode://10@127.0.0.1:1243': 0, 'enode://11@127.0.0.1:1244': -3, 'enode://12@127.0.0.1:1245': -6, 'enode://13@127.0.0.1:1246': 0, 'enode://14@127.0.0.1:1247': -10, 'enode://15@127.0.0.1:1248': 0, 'enode://16@127.0.0.1:1249': -8, 'enode://17@127.0.0.1:1250': -5, 'enode://18@127.0.0.1:1251': -7, 'enode://19@127.0.0.1:1252': -9, 'enode://20@127.0.0.1:1253': -4}
11 1787190530.333 4800 None {'20': 280, '0': 0, '2': 216, '6': 119, '18': 50, '16': 184, '17': 325, '13': 303, '12': 150, '11': 176, '15': 292, '19': 79, '4': 133, '3': 420, '8': 258, '5': 400, '7': 232, '14': 418, '10': 194, '9': 209, '1': 210} {'enode://1@127.0.0.1:1234': 0, 'enode://2@127.0.0.1:1235': 0, 'enode://3@127.0.0.1:1236': -10, 'enode://4@127.0.0.1:1237': 0, 'enode://5@127.0.0.1:1238': 0, 'enode://6@127.0.0.1:1239': 0, 'enode://7@127.0.0.1:1240': 0, 'enode://8@127.0.0.1:1241': -1, 'enode://9@127.0.0.1:1242': 0, 'enode://10@127.0.0.1:1243': 0, 'enode://11@127.0.0.1:1244': -2, 'enode://12@127.0.0.1:1245': -5, 'enode://13@127.0.0.1:1246': 0, 'enode://14@127.0.0.1:1247': -9, 'enode://15@127.0.0.1:1248': 5, 'enode://16@127.0.0.1:1249': -7, 'enode://17@127.0.0.1:1250': -4, 'enode://18@127.0.0.1:1251': -6, 'enode://19@127.0.0.1:1252': -8, 'enode://20@127.0.0.1:1253': -3}
11 1787190530.333 4819 None {'20': 280, '0': 0, '2': 216, '6': 119, '18': 50, '16': 184, '17': 325, '13': 303, '12': 150, '11': 176, '15': 292, '19': 79, '4': 133, '3': 462, '8': 258, '5': 400, '7': 232, '14': 418, '10': 194, '9': 209, '1': 210} {'enode://1@127.0.0.1:1234': 0, 'enode://2@127.0.0.1:1235': 0, 'enode://3@127.0.0.1:1236': -9, 'enode://4@127.0.0.1:1237': 0, 'enode://5@127.0.0.1:1238': 0, 'enode://6@127.0.0.1:1239': 0, 'enode://7@127.0.0.1:1240': 0, 'enode://8@127.0.0.1:1241': 0, 'enode://9@127.0.0.1:1242': 0, 'enode://10@127.0.0.1:1243': 0, 'enode://11@127.0.0.1:1244': -1, 'enode://12@127.0.0.1:1245': -4, 'enode://13@127.0.0.1:1246': 0, 'enode://14@127.0.0.1:1247': -8, 'enode://15@127.0.0.1:1248': -10, 'enode://16@127.0.0.1:1249': -6, 'enode://17@127.0.0.1:1250': -3, 'enode://18@127.0.0.1:1251': -5, 'enode://19@127.0.0.1:1252': -7, 'enode://20@127.0.0.1:1253': -2}
11 1787190530.333 4932 None {'20': 280, '0': 0, '2': 216, '6': 119, '18': 50, '16': 184, '17': 325, '13': 303, '12': 150, '11': 176, '15': 310, '19': 79, '4': 133, '3': 462, '8': 258, '5': 400, '7': 232, '14': 418, '10': 194, '9': 209, '1': 210} {'enode://1@127.0.0.1:1234': 0, 'enode://2@127.0.0.1:1235': 1, 'enode://3@127.0.0.1:1236': -8, 'enode://4@127.0.0.1:1237': 0, 'enode://5@127.0.0.1:1238': 4, 'enode://6@127.0.0.1:1239': 4, 'enode://7@127.0.0.1:1240': 0, 'enode://8@127.0.0.1:1241': 6, 'enode://9@127.0.0.1:1242': 3, 'enode://10@127.0.0.1:1243': 0, 'enode://11@127.0.0.1:1244': 0, 'enode://12@127.0.0.1:1245': -3, 'enode://13@127.0.0.1:1246': -10, 'enode://14@127.0.0.1:1247': -7, 'enode://15@127.0.0.1:1248': -9, 'enode://16@127.0.0.1:1249': -5, 'enode://17@127.0.0.1:1250': -2, 'enode://18@127.0.0.1:1251': -4, 'enode://19@127.0.0.1:1252': -6, 'enode://20@127.0.0.1:1253': -1}
11 1787190530.333 4945 None {'20': 280, '0': 0, '2': 216, '6': 119, '18': 50, '16': 184, '17': 325, '13': 415, '12': 150, '11': 176, '15': 310, '19': 79, '4': 133, '3': 462, '8': 258, '5': 400, '7': 232, '14': 418, '10': 194, '9': 209, '1': 210} {'enode://1@127.0.0.1:1234': 0, 'enode://2@127.0.0.1:1235': 1, 'enode://3@127.0.0.1:1236': -7, 'enode://4@127.0.0.1:1237': 0, 'enode://5@127.0.0.1:1238': 0, 'enode://6@127.0.0.1:1239': -10, 'enode://7@127.0.0.1:1240': 0, 'enode://8@127.0.0.1:1241': 0, 'enode://9@127.0.0.1:1242': 3, 'enode://10@127.0.0.1:1243': 0, 'enode://11@127.0.0.1:1244': 0, 'enode://12@127.0.0.1:1245': -2, 'enode://13@127.0.0.1:1246': -9, 'enode://14@127.0.0.1:1247': -6, 'enode://15@127.0.0.1:1248': -8, 'enode://16@127.0.0.1:1249': -4, 'enode://17@127.0.0.1:1250': -1, 'enode://18@127.0.0.1:1251': -3, 'enode://19@127.0.0.1:1252': -5, 'enode://20@127.0.0.1:1253': 0}
11 1787190530.334 4950 None {'20': 280, '0': 0, '2': 216, '6': 131, '18': 50, '16': 184, '17': 325, '13': 415, '12': 150, '11': 176, '15': 310, '19': 79, '4': 133, '3': 462, '8': 258, '5': 400, '7': 232, '14': 418, '10': 194, '9': 209, '1': 210} {'enode://1@127.0.0.1:1234': 0, 'enode://2@127.0.0.1:1235': 1, 'enode://3@127.0.0.1:1236': -6, 'enode://4@127.0.0.1:1237': 0, 'enode://5@127.0.0.1:1238': 0, 'enode://6@127.0.0.1:1239': -9, 'enode://7@127.0.0.1:1240': 0, 'enode://8@127.0.0.1:1241': 0, 'enode://9@127.0.0.1:1242': -10, 'enode://10@127.0.0.1:1243': 0, 'enode://11@127.0.0.1:1244': 0, 'enode://12@127.0.0.1:1245': -1, 'enode://13@127.0.0.1:1246': -8, 'enode://14@127.0.0.1:1247': -5, 'enode://15@127.0.0.1:1248': -7, 'enode://16@127.0.0.1:1249': -3, 'enode://17@127.0.0.1:1250': 0, 'enode://18@127.0.0.1:1251': -2, 'enode://19@127.0.0.1:1252': -4, 'enode://20@127.0.0.1:1253': 0}
11 1787190530.334 4973 None {'20': 280, '0': 0, '2': 216, '6': 131, '18': 50, '16': 184, '17': 325, '13': 415, '12': 150, '11': 176, '15': 310, '19': 79, '4': 133, '3': 462, '8': 258, '5': 400, '7': 232, '14': 418, '10': 194, '9': 213, '1': 210} {'enode://1@127.0.0.1:1234': 0, 'enode://2@127.0.0.1:1235': -10, 'enode://3@127.0.0.1:1236': -5, 'enode://4@127.0.0.1:1237': 0, 'enode://5@127.0.0.1:1238': 0, 'enode://6@127.0.0.1:1239': -8, 'enode://7@127.0.0.1:1240': 1, 'enode://8@127.0.0.1:1241': 0, 'enode://9@127.0.0.1:1242': -9, 'enode://10@127.0.0.1:1243': 3, 'enode://11@127.0.0.1:1244': 0, 'enode://12@127.0.0.1:1245': 0, 'enode://13@127.0.0.1:1246': -7, 'enode://14@127.0.0.1:1247': -4, 'enode://15@127.0.0.1:1248': -6, 'enode://16@127.0.0.1:1249': -2, 'enode://17@127.0.0.1:1250': 0, 'enode://18@127.0.0.1:1251': -1, 'enode://19@127.0.0.1:1252': -3, 'enode://20@127.0.0.1:1253': 0}
11 1787190530.334 4986 None {'20': 280, '0': 0, '2': 238, '6': 131, '18': 50, '16': 184, '17': 325, '13': 415, '12': 150, '11': 176, '15': 310, '19': 79, '4': 133, '3': 462, '8': 258, '5': 400, '7': 232, '14': 418, '10': 194, '9': 213, '1': 210} {'enode://1@127.0.0.1:1234': 0, 'enode://2@127.0.0.1:1235': -9, 'enode://3@127.0.0.1:1236': -4, 'enode://4@127.0.0.1:1237': 0, 'enode://5@127.0.0.1:1238': 0, 'enode://6@127.0.0.1:1239': -7, 'enode://7@127.0.0.1:1240': 3, 'enode://8@127.0.0.1:1241': 0, 'enode://9@127.0.0.1:1242': -8, 'enode://10@127.0.0.1:1243': -10, 'enode://11@127.0.0.1:1244': 0, 'enode://12@127.0.0.1:1245': 0, 'enode://13@127.0.0.1:1246': -6, 'enode://14@127.0.0.1:1247': -3, 'enode://15@127.0.0.1:1248': -5, 'enode://16@127.0.0.1:1249': -1, 'enode://17@127.0.0.1:1250': 0, 'enode://18@127.0.0.1:1251': 0, 'enode://19@127.0.0.1:1252': -2, 'enode://20@127.0.0.1:1253': 0}
11 1787190530.334 4987 None {'20': 280, '0': 0, '2': 238, '6': 131, '18': 50, '16': 184, '17': 325, '13': 415, '12': 150, '11': 176, '15': 310, '19': 79, '4': 133, '3': 462, '8': 258, '5': 400, '7': 232, '14': 418, '10': 206, '9': 213, '1': 210} {'enode://1@127.0.0.1:1234': 0, 'enode://2@127.0.0.1:1235': -8, 'enode://3@127.0.0.1:1236': -3, 'enode://4@127.0.0.1:1237': 0, 'enode://5@127.0.0.1:1238': 0, 'enode://6@127.0.0.1:1239': -6, 'enode://7@127.0.0.1:1240': -10, 'enode://8@127.0.0.1:1241': 0, 'enode://9@127.0.0.1:1242': -7, 'enode://10@127.0.0.1:1243': -9, 'enode://11@127.0.0.1:1244': 0, 'enode://12@127.0.0.1:1245': 0, 'enode://13@127.0.0.1:1246': -5, 'enode://14@127.0.0.1:1247': -2, 'enode://15@127.0.0.1:1248': -4, 'enode://16@127.0.0.1:1249': 0, 'enode://17@127.0.0.1:1250': 0, 'enode://18@127.0.0.1:1251': 0, 'enode://19@127.0.0.1:1252': -1, 'enode://20@127.0.0.1:1253': 0}
11 1787190530.334 4998 None {'20': 280, '0': 0, '2': 238, '6': 131, '18': 50, '16': 184, '17': 325, '13': 415, '12': 150, '11': 176, '15': 310, '19': 79, '4': 133, '3': 462, '8': 258, '5': 400, '7': 232, '14': 418, '10': 206, '9': 213, '1': 210} {'enode://1@127.0.0.1:1234': -10, 'enode://2@127.0.0.1:1235': -7, 'enode://3@127.0.0.1:1236': -2, 'enode://4@127.0.0.1:1237': 0, 'enode://5@127.0.0.1:1238': 0, 'enode://6@127.0.0.1:1239': -5, 'enode://7@127.0.0.1:1240': -9, 'enode://8@127.0.0.1:1241': 0, 'enode://9@127.0.0.1:1242': -6, 'enode://10@127.0.0.1:1243': -8, 'enode://11@127.0.0.1:1244': 0, 'enode://12@127.0.0.1:1245': 0, 'enode://13@127.0.0.1:1246': -4, 'enode://14@127.0.0.1:1247': -1, 'enode://15@127.0.0.1:1248': -3, 'enode://16@127.0.0.1:1249': 0, 'enode://17@127.0.0.1:1250': 0, 'enode://18@127.0.0.1:1251': 0, 'enode://19@127.0.0.1:1252': 0, 'enode://20@127.0.0.1:1253': 0}
11 1787190530.334 5116 None {'20': 280, '0': 0, '2': 238, '6': 131, '18': 50, '16': 184, '17': 325, '13': 415, '12': 150, '11': 176, '15': 310, '19': 79, '4': 133, '3': 462, '8': 258, '5': 400, '7': 232, '14': 418, '10': 206, '9': 213, '1': 220} {'enode://1@127.0.0.1:1234': -9, 'enode://2@127.0.0.1:1235': -6, 'enode://3@127.0.0.1:1236': -1, 'enode://4@127.0.0.1:1237': 0, 'enode://5@127.0.0.1:1238': 1, 'enode://6@127.0.0.1:1239': -4, 'enode://7@127.0.0.1:1240': -8, 'enode://8@127.0.0.1:1241': 0, 'enode://9@127.0.0.1:1242': -5, 'enode://10@127.0.0.1:1243': -7, 'enode://11@127.0.0.1:1244': -10, 'enode://12@127.0.0.1:1245': 0, 'enode://13@127.0.0.1:1246': -3, 'enode://14@127.0.0.1:1247': 0, 'enode://15@127.0.0.1:1248': -2, 'enode://16@127.0.0.1:1249': 0, 'enode://17@127.0.0.1:1250': 0, 'enode://18@127.0.0.1:1251': 0, 'enode://19@127.0.0.1:1252': 0, 'enode://20@127.0.0.1:1253': 0}
11 1787190530.334 5172 None {'20': 280, '0': 0, '2': 238, '6': 131, '18': 50, '16': 184, '17': 325, '13': 415, '12': 150, '11': 293, '15': 310, '19': 79, '4': 133, '3': 462, '8': 258, '5': 400, '7': 232, '14': 418, '10': 206, '9': 213, '1': 220} {'enode://1@127.0.0.1:1234': -8, 'enode://2@127.0.0.1:1235': -5, 'enode://3@127.0.0.1:1236': 0, 'enode://4@127.0.0.1:1237': 0, 'enode://5@127.0.0.1:1238': -10, 'enode://6@127.0.0.1:1239': -3, 'enode://7@127.0.0.1:1240': -7, 'enode://8@127.0.0.1:1241': 6, 'enode://9@127.0.0.1:1242': -4, 'enode://10@127.0.0.1:1243': -6, 'enode://11@127.0.0.1:1244': -9, 'enode://12@127.0.0.1:1245': 7, 'enode://13@127.0.0.1:1246': -2, 'enode://14@127.0.0.1:1247': 5, 'enode://15@127.0.0.1:1248': -1, 'enode://16@127.0.0.1:1249': 4, 'enode://17@127.0.0.1:1250': 5, 'enode://18@127.0.0.1:1251': 4, 'enode://19@127.0.0.1:1252': 0, 'enode://20@127.0.0.1:1253': 0}
11 1787190530.334 5310 None {'20': 280, '0': 0, '2': 238, '6': 131, '18': 50, '16': 184, '17': 325, '13': 415, '12': 150, '11': 293, '15': 310, '19': 79, '4': 133, '3': 462, '8': 258, '5': 455, '7': 232, '14': 418, '10': 206, '9': 213, '1': 220} {'enode://1@127.0.0.1:1234': -7, 'enode://2@127.0.0.1:1235': -4, 'enode://3@127.0.0.1:1236': 3, 'enode://4@127.0.0.1:1237': 0, 'enode://5@127.0.0.1:1238': -9, 'enode://6@127.0.0.1:1239': -2, 'enode://7@127.0.0.1:1240': -6, 'enode://8@127.0.0.1:1241': 1, 'enode://9@127.0.0.1:1242': -3, 'enode://10@127.0.0.1:1243': -5, 'enode://11@127.0.0.1:1244': -8, 'enode://12@127.0.0.1:1245': -10, 'enode://13@127.0.0.1:1246': -1, 'enode://14@127.0.0.1:1247': 0, 'enode://15@127.0.0.1:1248': 0, 'enode://16@127.0.0.1:1249': 0, 'enode://17@127.0.0.1:1250': 0, 'enode://18@127.0.0.1:1251': 1, 'enode://19@127.0.0.1:1252': 0, 'enode://20@127.0.0.1:1253': 0}
11 1787190530.334 5431 None {'20': 280, '0': 0, '2': 238, '6': 131, '18': 50, '16': 184, '17': 325, '13': 415, '12': 287, '11': 293, '15': 310, '19': 79, '4': 133, '3': 462, '8': 258, '5': 455, '7': 232, '14': 418, '10': 206, '9': 213, '1': 220} {'enode://1@127.0.0.1:1234': -6, 'enode://2@127.0.0.1:1235': -3, 'enode://3@127.0.0.1:1236': -10, 'enode://4@127.0.0.1:1237': 0, 'enode://5@127.0.0.1:1238': -8, 'enode://6@127.0.0.1:1239': -1, 'enode://7@127.0.0.1:1240': -5, 'enode://8@127.0.0.1:1241': 4, 'enode://9@127.0.0.1:1242': -2, 'enode://10@127.0.0.1:1243': -4, 'enode://11@127.0.0.1:1244': -7, 'enode://12@127.0.0.1:1245': -9, 'enode://13@127.0.0.1:1246': 0, 'enode://14@127.0.0.1:1247': 3, 'enode://15@127.0.0.1:1248': 5, 'enode://16@127.0.0.1:1249': 4, 'enode://17@127.0.0.1:1250': 0, 'enode://18@127.0.0.1:1251': 3, 'enode://19@127.0.0.1:1252': 0, 'enode://20@127.0.0.1:1253': 1}
11 1787190530.334 5488 None {'20': 280, '0': 0, '2': 238, '6': 131, '18': 50, '16': 184, '17': 325, '13': 415, '12': 287, '11': 293, '15': 310, '19': 79, '4': 133, '3': 582, '8': 258, '5': 455, '7': 232, '14': 418, '10': 206, '9': 213, '1': 220} {'enode://1@127.0.0.1:1234': -5, 'enode://2@127.0.0.1:1235': -2, 'enode://3@127.0.0.1:1236': -9, 'enode://4@127.0.0.1:1237': 0, 'enode://5@127.0.0.1:1238': -7, 'enode://6@127.0.0.1:1239': 0, 'enode://7@127.0.0.1:1240': -4, 'enode://8@127.0.0.1:1241': 5, 'enode://9@127.0.0.1:1242': -1, 'enode://10@127.0.0.1:1243': -3, 'enode://11@127.0.0.1:1244': -6, 'enode://12@127.0.0.1:1245': -8, 'enode://13@127.0.0.1:1246': 2, 'enode://14@127.0.0.1:1247': 3, 'enode://15@127.0.0.1:1248': 4, 'enode://16@127.0.0.1:1249': -10, 'enode://17@127.0.0.1:1250': 0, 'enode://18@127.0.0.1:1251': 3, 'enode://19@127.0.0.1:1252': 0, 'enode://20@127.0.0.1:1253': 2}
