ID TIME n private balances connectivity
4 1786625060.307 0 {} {} {'enode://1@127.0.0.1:1234': 0, 'enode://2@127.0.0.1:1235': 0, 'enode://3@127.0.0.1:1236': 0, 'enode://4@127.0.0.1:1237': 0, 'enode://5@127.0.0.1:1238': 0, 'enode://6@127.0.0.1:1239': 0, 'enode://7@127.0.0.1:1240': 0, 'enode://8@127.0.0.1:1241': 0, 'enode://9@127.0.0.1:1242': 0, 'enode://10@127.0.0.1:1243': 0, 'enode://11@127.0.0.1:1244': 0, 'enode://12@127.0.0.1:1245': 0, 'enode://13@127.0.0.1:1246': 0, 'enode://14@127.0.0.1:1247': 0, 'enode://15@127.0.0.1:1248': 0, 'enode://16@127.0.0.1:1249': 0, 'enode://17@127.0.0.1:1250': 0, 'enode://18@127.0.0.1:1251': 0, 'enode://19@127.0.0.1:1252': 0, 'enode://20@127.0.0.1:1253': 0}
4 1786625060.307 1 None {'18': 0, '0': 0} {'enode://1@127.0.0.1:1234': 0, 'enode://2@127.0.0.1:1235': 0, 'enode://3@127.0.0.1:1236': 0, 'enode://4@127.0.0.1:1237': 0, 'enode://5@127.0.0.1:1238': 0, 'enode://6@127.0.0.1:1239': 0, 'enode://7@127.0.0.1:1240': 0, 'enode://8@127.0.0.1:1241': 0, 'enode://9@127.0.0.1:1242': 0, 'enode://10@127.0.0.1:1243': 0, 'enode://11@127.0.0.1:1244': 0, 'enode://12@127.0.0.1:1245': 0, 'enode://13@127.0.0.1:1246': 0, 'enode://14@127.0.0.1:1247': 0, 'enode://15@127.0.0.1:1248': 0, 'enode://16@127.0.0.1:1249': 0, 'enode://17@127.0.0.1:1250': 0, 'enode://18@127.0.0.1:1251': -10, 'enode://19@127.0.0.1:1252': 0, 'enode://20@127.0.0.1:1253': 0}
4 1786625060.307 315 None {'18': 1, '0': 0, '10': 0, '20': 0, '9': 0, '3': 0, '16': 0, '11': 0, '5': 0, '7': 0, '8': 0, '19': 0, '15': 0, '17': 0, '13': 0, '2': 0, '14': 0, '4': 0, '6': 0, '12': 0, '1': 0} {'enode://1@127.0.0.1:1234': 3, 'enode://2@127.0.0.1:1235': 7, 'enode://3@127.0.0.1:1236': 5, 'enode://4@127.0.0.1:1237': 8, 'enode://5@127.0.0.1:1238': 4, 'enode://6@127.0.0.1:1239': 6, 'enode://7@127.0.0.1:1240': 5, 'enode://8@127.0.0.1:1241': 4, 'enode://9@127.0.0.1:1242': 4, 'enode://10@127.0.0.1:1243': -10, 'enode://11@127.0.0.1:1244': 11, 'enode://12@127.0.0.1:1245': 4, 'enode://13@127.0.0.1:1246': 9, 'enode://14@127.0.0.1:1247': 6, 'enode://15@127.0.0.1:1248': 10, 'enode://16@127.0.0.1:1249': 5, 'enode://17@127.0.0.1:1250': 5, 'enode://18@127.0.0.1:1251': -9, 'enode://19@127.0.0.1:1252': 8, 'enode://20@127.0.0.1:1253': 7}
4 1786625060.307 512 None {'18': 1, '0': 0, '10': 313, '20': 0, '9': 0, '3': 0, '16': 0, '11': 0, '5': 0, '7': 0, '8': 0, '19': 0, '15': 0, '17': 0, '13': 0, '2': 0, '14': 0, '4': 0, '6': 0, '12': 0, '1': 0} {'enode://1@127.0.0.1:1234': 3, 'enode://2@127.0.0.1:1235': 7, 'enode://3@127.0.0.1:1236': 5, 'enode://4@127.0.0.1:1237': 8, 'enode://5@127.0.0.1:1238': 7, 'enode://6@127.0.0.1:1239': 6, 'enode://7@127.0.0.1:1240': 5, 'enode://8@127.0.0.1:1241': 9, 'enode://9@127.0.0.1:1242': 4, 'enode://10@127.0.0.1:1243': -9, 'enode://11@127.0.0.1:1244': -10, 'enode://12@127.0.0.1:1245': 4, 'enode://13@127.0.0.1:1246': 9, 'enode://14@127.0.0.1:1247': 6, 'enode://15@127.0.0.1:1248': 11, 'enode://16@127.0.0.1:1249': 8, 'enode://17@127.0.0.1:1250': 5, 'enode://18@127.0.0.1:1251': -8, 'enode://19@127.0.0.1:1252': 11, 'enode://20@127.0.0.1:1253': 9}
4 1786625060.307 755 None {'18': 1, '0': 0, '10': 313, '20': 0, '9': 0, '3': 0, '16': 0, '11': 196, '5': 0, '7': 0, '8': 0, '19': 0, '15': 0, '17': 0, '13': 0, '2': 0, '14': 0, '4': 0, '6': 0, '12': 0, '1': 0} {'enode://1@127.0.0.1:1234': 4, 'enode://2@127.0.0.1:1235': 6, 'enode://3@127.0.0.1:1236': 7, 'enode://4@127.0.0.1:1237': 7, 'enode://5@127.0.0.1:1238': 7, 'enode://6@127.0.0.1:1239': 5, 'enode://7@127.0.0.1:1240': 5, 'enode://8@127.0.0.1:1241': 10, 'enode://9@127.0.0.1:1242': 4, 'enode://10@127.0.0.1:1243': -8, 'enode://11@127.0.0.1:1244': -9, 'enode://12@127.0.0.1:1245': 4, 'enode://13@127.0.0.1:1246': 10, 'enode://14@127.0.0.1:1247': 5, 'enode://15@127.0.0.1:1248': 9, 'enode://16@127.0.0.1:1249': 7, 'enode://17@127.0.0.1:1250': 4, 'enode://18@127.0.0.1:1251': -7, 'enode://19@127.0.0.1:1252': -10, 'enode://20@127.0.0.1:1253': 10}
4 1786625060.307 952 None {'18': 1, '0': 0, '10': 313, '20': 0, '9': 0, '3': 0, '16': 0, '11': 196, '5': 0, '7': 0, '8': 0, '19': 242, '15': 0, '17': 0, '13': 0, '2': 0, '14': 0, '4': 0, '6': 0, '12': 0, '1': 0} {'enode://1@127.0.0.1:1234': 6, 'enode://2@127.0.0.1:1235': 6, 'enode://3@127.0.0.1:1236': 7, 'enode://4@127.0.0.1:1237': 7, 'enode://5@127.0.0.1:1238': 6, 'enode://6@127.0.0.1:1239': 4, 'enode://7@127.0.0.1:1240': 0, 'enode://8@127.0.0.1:1241': -10, 'enode://9@127.0.0.1:1242': 4, 'enode://10@127.0.0.1:1243': -7, 'enode://11@127.0.0.1:1244': -8, 'enode://12@127.0.0.1:1245': 3, 'enode://13@127.0.0.1:1246': 9, 'enode://14@127.0.0.1:1247': 9, 'enode://15@127.0.0.1:1248': 10, 'enode://16@127.0.0.1:1249': 7, 'enode://17@127.0.0.1:1250': 4, 'enode://18@127.0.0.1:1251': -6, 'enode://19@127.0.0.1:1252': -9, 'enode://20@127.0.0.1:1253': 12}
4 1786625060.307 1157 None {'18': 1, '0': 0, '10': 313, '20': 0, '9': 0, '3': 0, '16': 0, '11': 196, '5': 0, '7': 0, '8': 196, '19': 242, '15': 0, '17': 0, '13': 0, '2': 0, '14': 0, '4': 0, '6': 0, '12': 0, '1': 0} {'enode://1@127.0.0.1:1234': 9, 'enode://2@127.0.0.1:1235': 7, 'enode://3@127.0.0.1:1236': 3, 'enode://4@127.0.0.1:1237': 8, 'enode://5@127.0.0.1:1238': 5, 'enode://6@127.0.0.1:1239': 6, 'enode://7@127.0.0.1:1240': 0, 'enode://8@127.0.0.1:1241': -9, 'enode://9@127.0.0.1:1242': 2, 'enode://10@127.0.0.1:1243': -6, 'enode://11@127.0.0.1:1244': -7, 'enode://12@127.0.0.1:1245': 3, 'enode://13@127.0.0.1:1246': 9, 'enode://14@127.0.0.1:1247': 10, 'enode://15@127.0.0.1:1248': 7, 'enode://16@127.0.0.1:1249': 0, 'enode://17@127.0.0.1:1250': 7, 'enode://18@127.0.0.1:1251': -5, 'enode://19@127.0.0.1:1252': -8, 'enode://20@127.0.0.1:1253': -10}
4 1786625060.307 1297 None {'18': 1, '0': 0, '10': 313, '20': 204, '9': 0, '3': 0, '16': 0, '11': 196, '5': 0, '7': 0, '8': 196, '19': 242, '15': 0, '17': 0, '13': 0, '2': 0, '14': 0, '4': 0, '6': 0, '12': 0, '1': 0} {'enode://1@127.0.0.1:1234': 10, 'enode://2@127.0.0.1:1235': 8, 'enode://3@127.0.0.1:1236': 2, 'enode://4@127.0.0.1:1237': 8, 'enode://5@127.0.0.1:1238': 5, 'enode://6@127.0.0.1:1239': 8, 'enode://7@127.0.0.1:1240': 0, 'enode://8@127.0.0.1:1241': -8, 'enode://9@127.0.0.1:1242': 2, 'enode://10@127.0.0.1:1243': -5, 'enode://11@127.0.0.1:1244': -6, 'enode://12@127.0.0.1:1245': 2, 'enode://13@127.0.0.1:1246': 9, 'enode://14@127.0.0.1:1247': -10, 'enode://15@127.0.0.1:1248': 7, 'enode://16@127.0.0.1:1249': 0, 'enode://17@127.0.0.1:1250': 7, 'enode://18@127.0.0.1:1251': -4, 'enode://19@127.0.0.1:1252': -7, 'enode://20@127.0.0.1:1253': -9}
4 1786625060.307 1398 None {'18': 1, '0': 0, '10': 313, '20': 204, '9': 0, '3': 0, '16': 0, '11': 196, '5': 0, '7': 0, '8': 196, '19': 242, '15': 0, '17': 0, '13': 0, '2': 0, '14': 139, '4': 0, '6': 0, '12': 0, '1': 0} {'enode://1@127.0.0.1:1234': -10, 'enode://2@127.0.0.1:1235': 8, 'enode://3@127.0.0.1:1236': 0, 'enode://4@127.0.0.1:1237': 8, 'enode://5@127.0.0.1:1238': 3, 'enode://6@127.0.0.1:1239': 8, 'enode://7@127.0.0.1:1240': 0, 'enode://8@127.0.0.1:1241': -7, 'enode://9@127.0.0.1:1242': 0, 'enode://10@127.0.0.1:1243': -4, 'enode://11@127.0.0.1:1244': -5, 'enode://12@127.0.0.1:1245': 1, 'enode://13@127.0.0.1:1246': 7, 'enode://14@127.0.0.1:1247': -9, 'enode://15@127.0.0.1:1248': 3, 'enode://16@127.0.0.1:1249': 0, 'enode://17@127.0.0.1:1250': 6, 'enode://18@127.0.0.1:1251': -3, 'enode://19@127.0.0.1:1252': -6, 'enode://20@127.0.0.1:1253': -8}
4 1786625060.307 1422 None {'18': 1, '0': 0, '10': 313, '20': 204, '9': 0, '3': 0, '16': 0, '11': 196, '5': 0, '7': 0, '8': 196, '19': 242, '15': 0, '17': 0, '13': 0, '2': 0, '14': 139, '4': 0, '6': 0, '12': 0, '1': 100} {'enode://1@127.0.0.1:1234': -9, 'enode://2@127.0.0.1:1235': -10, 'enode://3@127.0.0.1:1236': 0, 'enode://4@127.0.0.1:1237': 8, 'enode://5@127.0.0.1:1238': 0, 'enode://6@127.0.0.1:1239': 7, 'enode://7@127.0.0.1:1240': 0, 'enode://8@127.0.0.1:1241': -6, 'enode://9@127.0.0.1:1242': 0, 'enode://10@127.0.0.1:1243': -3, 'enode://11@127.0.0.1:1244': -4, 'enode://12@127.0.0.1:1245': 1, 'enode://13@127.0.0.1:1246': 0, 'enode://14@127.0.0.1:1247': -8, 'enode://15@127.0.0.1:1248': 1, 'enode://16@127.0.0.1:1249': 0, 'enode://17@127.0.0.1:1250': 5, 'enode://18@127.0.0.1:1251': -2, 'enode://19@127.0.0.1:1252': -5, 'enode://20@127.0.0.1:1253': -7}
4 1786625060.308 1536 None {'18': 1, '0': 0, '10': 313, '20': 204, '9': 0, '3': 0, '16': 0, '11': 196, '5': 0, '7': 0, '8': 196, '19': 242, '15': 0, '17': 0, '13': 0, '2': 23, '14': 139, '4': 0, '6': 0, '12': 0, '1': 100} {'enode://1@127.0.0.1:1234': -8, 'enode://2@127.0.0.1:1235': -9, 'enode://3@127.0.0.1:1236': 0, 'enode://4@127.0.0.1:1237': -10, 'enode://5@127.0.0.1:1238': 0, 'enode://6@127.0.0.1:1239': 7, 'enode://7@127.0.0.1:1240': 0, 'enode://8@127.0.0.1:1241': -5, 'enode://9@127.0.0.1:1242': 0, 'enode://10@127.0.0.1:1243': -2, 'enode://11@127.0.0.1:1244': -3, 'enode://12@127.0.0.1:1245': 1, 'enode://13@127.0.0.1:1246': 5, 'enode://14@127.0.0.1:1247': -7, 'enode://15@127.0.0.1:1248': 1, 'enode://16@127.0.0.1:1249': 0, 'enode://17@127.0.0.1:1250': 6, 'enode://18@127.0.0.1:1251': -1, 'enode://19@127.0.0.1:1252': -4, 'enode://20@127.0.0.1:1253': -6}
4 1786625060.308 1593 None {'18': 1, '0': 0, '10': 313, '20': 204, '9': 0, '3': 0, '16': 0, '11': 196, '5': 0, '7': 0, '8': 196, '19': 242, '15': 0, '17': 0, '13': 0, '2': 23, '14': 139, '4': 113, '6': 0, '12': 0, '1': 100} {'enode://1@127.0.0.1:1234': -7, 'enode://2@127.0.0.1:1235': -8, 'enode://3@127.0.0.1:1236': 0, 'enode://4@127.0.0.1:1237': -9, 'enode://5@127.0.0.1:1238': 0, 'enode://6@127.0.0.1:1239': -10, 'enode://7@127.0.0.1:1240': 0, 'enode://8@127.0.0.1:1241': -4, 'enode://9@127.0.0.1:1242': 0, 'enode://10@127.0.0.1:1243': -1, 'enode://11@127.0.0.1:1244': -2, 'enode://12@127.0.0.1:1245': 0, 'enode://13@127.0.0.1:1246': 5, 'enode://14@127.0.0.1:1247': -6, 'enode://15@127.0.0.1:1248': 0, 'enode://16@127.0.0.1:1249': 0, 'enode://17@127.0.0.1:1250': 6, 'enode://18@127.0.0.1:1251': 0, 'enode://19@127.0.0.1:1252': -3, 'enode://20@127.0.0.1:1253': -5}
4 1786625060.308 1598 None {'18': 1, '0': 0, '10': 313, '20': 204, '9': 0, '3': 0, '16': 0, '11': 196, '5': 0, '7': 0, '8': 196, '19': 242, '15': 0, '17': 0, '13': 0, '2': 23, '14': 139, '4': 113, '6': 56, '12': 0, '1': 100} {'enode://1@127.0.0.1:1234': -6, 'enode://2@127.0.0.1:1235': -7, 'enode://3@127.0.0.1:1236': 0, 'enode://4@127.0.0.1:1237': -8, 'enode://5@127.0.0.1:1238': 0, 'enode://6@127.0.0.1:1239': -9, 'enode://7@127.0.0.1:1240': 0, 'enode://8@127.0.0.1:1241': -3, 'enode://9@127.0.0.1:1242': 0, 'enode://10@127.0.0.1:1243': 0, 'enode://11@127.0.0.1:1244': -1, 'enode://12@127.0.0.1:1245': 0, 'enode://13@127.0.0.1:1246': 5, 'enode://14@127.0.0.1:1247': -5, 'enode://15@127.0.0.1:1248': 0, 'enode://16@127.0.0.1:1249': 0, 'enode://17@127.0.0.1:1250': -10, 'enode://18@127.0.0.1:1251': 0, 'enode://19@127.0.0.1:1252': -2, 'enode://20@127.0.0.1:1253': -4}
4 1786625060.308 2063 None {'18': 1, '0': 0, '10': 313, '20': 204, '9': 0, '3': 0, '16': 0, '11': 196, '5': 0, '7': 0, '8': 196, '19': 242, '15': 0, '17': 4, '13': 0, '2': 23, '14': 139, '4': 113, '6': 56, '12': 0, '1': 100} {'enode://1@127.0.0.1:1234': -5, 'enode://2@127.0.0.1:1235': -6, 'enode://3@127.0.0.1:1236': 0, 'enode://4@127.0.0.1:1237': -7, 'enode://5@127.0.0.1:1238': 0, 'enode://6@127.0.0.1:1239': -8, 'enode://7@127.0.0.1:1240': 0, 'enode://8@127.0.0.1:1241': -2, 'enode://9@127.0.0.1:1242': 0, 'enode://10@127.0.0.1:1243': 5, 'enode://11@127.0.0.1:1244': 0, 'enode://12@127.0.0.1:1245': 3, 'enode://13@127.0.0.1:1246': -10, 'enode://14@127.0.0.1:1247': -4, 'enode://15@127.0.0.1:1248': 4, 'enode://16@127.0.0.1:1249': 0, 'enode://17@127.0.0.1:1250': -9, 'enode://18@127.0.0.1:1251': 1, 'enode://19@127.0.0.1:1252': -1, 'enode://20@127.0.0.1:1253': -3}
4 1786625060.308 2091 None {'18': 1, '0': 0, '10': 313, '20': 204, '9': 0, '3': 0, '16': 0, '11': 196, '5': 0, '7': 0, '8': 196, '19': 242, '15': 0, '17': 4, '13': 464, '2': 23, '14': 139, '4': 113, '6': 56, '12': 0, '1': 100} {'enode://1@127.0.0.1:1234': -4, 'enode://2@127.0.0.1:1235': -5, 'enode://3@127.0.0.1:1236': 0, 'enode://4@127.0.0.1:1237': -6, 'enode://5@127.0.0.1:1238': 0, 'enode://6@127.0.0.1:1239': -7, 'enode://7@127.0.0.1:1240': 0, 'enode://8@127.0.0.1:1241': -1, 'enode://9@127.0.0.1:1242': 0, 'enode://10@127.0.0.1:1243': -10, 'enode://11@127.0.0.1:1244': 0, 'enode://12@127.0.0.1:1245': 0, 'enode://13@127.0.0.1:1246': -9, 'enode://14@127.0.0.1:1247': -3, 'enode://15@127.0.0.1:1248': 2, 'enode://16@127.0.0.1:1249': 0, 'enode://17@127.0.0.1:1250': -8, 'enode://18@127.0.0.1:1251': 0, 'enode://19@127.0.0.1:1252': 0, 'enode://20@127.0.0.1:1253': -2}
4 1786625060.308 2106 None {'18': 1, '0': 0, '10': 340, '20': 204, '9': 0, '3': 0, '16': 0, '11': 196, '5': 0, '7': 0, '8': 196, '19': 242, '15': 0, '17': 4, '13': 464, '2': 23, '14': 139, '4': 113, '6': 56, '12': 0, '1': 100} {'enode://1@127.0.0.1:1234': -3, 'enode://2@127.0.0.1:1235': -4, 'enode://3@127.0.0.1:1236': 0, 'enode://4@127.0.0.1:1237': -5, 'enode://5@127.0.0.1:1238': 0, 'enode://6@127.0.0.1:1239': -6, 'enode://7@127.0.0.1:1240': 0, 'enode://8@127.0.0.1:1241': 0, 'enode://9@127.0.0.1:1242': 0, 'enode://10@127.0.0.1:1243': -9, 'enode://11@127.0.0.1:1244': 0, 'enode://12@127.0.0.1:1245': 0, 'enode://13@127.0.0.1:1246': -8, 'enode://14@127.0.0.1:1247': -2, 'enode://15@127.0.0.1:1248': -10, 'enode://16@127.0.0.1:1249': 0, 'enode://17@127.0.0.1:1250': -7, 'enode://18@127.0.0.1:1251': 0, 'enode://19@127.0.0.1:1252': 0, 'enode://20@127.0.0.1:1253': -1}
4 1786625060.308 2736 None {'18': 1, '0': 0, '10': 340, '20': 204, '9': 0, '3': 0, '16': 0, '11': 196, '5': 0, '7': 0, '8': 196, '19': 242, '15': 14, '17': 4, '13': 464, '2': 23, '14': 139, '4': 113, '6': 56, '12': 0, '1': 100} {'enode://1@127.0.0.1:1234': -2, 'enode://2@127.0.0.1:1235': -3, 'enode://3@127.0.0.1:1236': 0, 'enode://4@127.0.0.1:1237': -4, 'enode://5@127.0.0.1:1238': 1, 'enode://6@127.0.0.1:1239': -5, 'enode://7@127.0.0.1:1240': 1, 'enode://8@127.0.0.1:1241': 0, 'enode://9@127.0.0.1:1242': 0, 'enode://10@127.0.0.1:1243': -8, 'enode://11@127.0.0.1:1244': 0, 'enode://12@127.0.0.1:1245': 1, 'enode://13@127.0.0.1:1246': -7, 'enode://14@127.0.0.1:1247': -1, 'enode://15@127.0.0.1:1248': -9, 'enode://16@127.0.0.1:1249': -10, 'enode://17@127.0.0.1:1250': -6, 'enode://18@127.0.0.1:1251': 0, 'enode://19@127.0.0.1:1252': 0, 'enode://20@127.0.0.1:1253': 0}
4 1786625060.308 2763 None {'18': 1, '0': 0, '10': 340, '20': 204, '9': 0, '3': 0, '16': 629, '11': 196, '5': 0, '7': 0, '8': 196, '19': 242, '15': 14, '17': 4, '13': 464, '2': 23, '14': 139, '4': 113, '6': 56, '12': 0, '1': 100} {'enode://1@127.0.0.1:1234': -1, 'enode://2@127.0.0.1:1235': -2, 'enode://3@127.0.0.1:1236': 0, 'enode://4@127.0.0.1:1237': -3, 'enode://5@127.0.0.1:1238': -10, 'enode://6@127.0.0.1:1239': -4, 'enode://7@127.0.0.1:1240': 0, 'enode://8@127.0.0.1:1241': 0, 'enode://9@127.0.0.1:1242': 0, 'enode://10@127.0.0.1:1243': -7, 'enode://11@127.0.0.1:1244': 0, 'enode://12@127.0.0.1:1245': 0, 'enode://13@127.0.0.1:1246': -6, 'enode://14@127.0.0.1:1247': 0, 'enode://15@127.0.0.1:1248': -8, 'enode://16@127.0.0.1:1249': -9, 'enode://17@127.0.0.1:1250': -5, 'enode://18@127.0.0.1:1251': 0, 'enode://19@127.0.0.1:1252': 0, 'enode://20@127.0.0.1:1253': 0}
4 1786625060.308 3260 None {'18': 1, '0': 0, '10': 340, '20': 204, '9': 0, '3': 0, '16': 629, '11': 196, '5': 26, '7': 0, '8': 196, '19': 242, '15': 14, '17': 4, '13': 464, '2': 23, '14': 139, '4': 113, '6': 56, '12': 0, '1': 100} {'enode://1@127.0.0.1:1234': 0, 'enode://2@127.0.0.1:1235': -1, 'enode://3@127.0.0.1:1236': 0, 'enode://4@127.0.0.1:1237': -2, 'enode://5@127.0.0.1:1238': -9, 'enode://6@127.0.0.1:1239': -3, 'enode://7@127.0.0.1:1240': -10, 'enode://8@127.0.0.1:1241': 4, 'enode://9@127.0.0.1:1242': 3, 'enode://10@127.0.0.1:1243': -6, 'enode://11@127.0.0.1:1244': 1, 'enode://12@127.0.0.1:1245': 1, 'enode://13@127.0.0.1:1246': -5, 'enode://14@127.0.0.1:1247': 4, 'enode://15@127.0.0.1:1248': -7, 'enode://16@127.0.0.1:1249': -8, 'enode://17@127.0.0.1:1250': -4, 'enode://18@127.0.0.1:1251': 0, 'enode://19@127.0.0.1:1252': 0, 'enode://20@127.0.0.1:1253': 0}
4 1786625060.308 3266 None {'18': 1, '0': 0, '10': 340, '20': 204, '9': 0, '3': 0, '16': 629, '11': 196, '5': 26, '7': 496, '8': 196, '19': 242, '15': 14, '17': 4, '13': 464, '2': 23, '14': 139, '4': 113, '6': 56, '12': 0, '1': 100} {'enode://1@127.0.0.1:1234': 0, 'enode://2@127.0.0.1:1235': 0, 'enode://3@127.0.0.1:1236': 0, 'enode://4@127.0.0.1:1237': -1, 'enode://5@127.0.0.1:1238': -8, 'enode://6@127.0.0.1:1239': -2, 'enode://7@127.0.0.1:1240': -9, 'enode://8@127.0.0.1:1241': -10, 'enode://9@127.0.0.1:1242': 0, 'enode://10@127.0.0.1:1243': -5, 'enode://11@127.0.0.1:1244': 0, 'enode://12@127.0.0.1:1245': 0, 'enode://13@127.0.0.1:1246': -4, 'enode://14@127.0.0.1:1247': 1, 'enode://15@127.0.0.1:1248': -6, 'enode://16@127.0.0.1:1249': -7, 'enode://17@127.0.0.1:1250': -3, 'enode://18@127.0.0.1:1251': 0, 'enode://19@127.0.0.1:1252': 0, 'enode://20@127.0.0.1:1253': 0}
4 1786625060.308 3301 None {'18': 1, '0': 0, '10': 340, '20': 204, '9': 0, '3': 0, '16': 629, '11': 196, '5': 26, '7': 496, '8': 201, '19': 242, '15': 14, '17': 4, '13': 464, '2': 23, '14': 139, '4': 113, '6': 56, '12': 0, '1': 100} {'enode://1@127.0.0.1:1234': 0, 'enode://2@127.0.0.1:1235': 0, 'enode://3@127.0.0.1:1236': 0, 'enode://4@127.0.0.1:1237': 0, 'enode://5@127.0.0.1:1238': -7, 'enode://6@127.0.0.1:1239': -1, 'enode://7@127.0.0.1:1240': -8, 'enode://8@127.0.0.1:1241': -9, 'enode://9@127.0.0.1:1242': 0, 'enode://10@127.0.0.1:1243': -4, 'enode://11@127.0.0.1:1244': 1, 'enode://12@127.0.0.1:1245': 0, 'enode://13@127.0.0.1:1246': -3, 'enode://14@127.0.0.1:1247': -10, 'enode://15@127.0.0.1:1248': -5, 'enode://16@127.0.0.1:1249': -6, 'enode://17@127.0.0.1:1250': -2, 'enode://18@127.0.0.1:1251': 0, 'enode://19@127.0.0.1:1252': 0, 'enode://20@127.0.0.1:1253': 0}
4 1786625060.308 3353 None {'18': 1, '0': 0, '10': 340, '20': 204, '9': 0, '3': 0, '16': 629, '11': 196, '5': 26, '7': 496, '8': 201, '19': 242, '15': 14, '17': 4, '13': 464, '2': 23, '14': 173, '4': 113, '6': 56, '12': 0, '1': 100} {'enode://1@127.0.0.1:1234': 1, 'enode://2@127.0.0.1:1235': 0, 'enode://3@127.0.0.1:1236': 0, 'enode://4@127.0.0.1:1237': 1, 'enode://5@127.0.0.1:1238': -6, 'enode://6@127.0.0.1:1239': 0, 'enode://7@127.0.0.1:1240': -7, 'enode://8@127.0.0.1:1241': -8, 'enode://9@127.0.0.1:1242': 0, 'enode://10@127.0.0.1:1243': -3, 'enode://11@127.0.0.1:1244': -10, 'enode://12@127.0.0.1:1245': 0, 'enode://13@127.0.0.1:1246': -2, 'enode://14@127.0.0.1:1247': -9, 'enode://15@127.0.0.1:1248': -4, 'enode://16@127.0.0.1:1249': -5, 'enode://17@127.0.0.1:1250': -1, 'enode://18@127.0.0.1:1251': 0, 'enode://19@127.0.0.1:1252': 0, 'enode://20@127.0.0.1:1253': 0}
4 1786625060.308 3866 None {'18': 1, '0': 0, '10': 340, '20': 204, '9': 0, '3': 0, '16': 629, '11': 247, '5': 26, '7': 496, '8': 201, '19': 242, '15': 14, '17': 4, '13': 464, '2': 23, '14': 173, '4': 113, '6': 56, '12': 0, '1': 100} {'enode://1@127.0.0.1:1234': 0, 'enode://2@127.0.0.1:1235': 0, 'enode://3@127.0.0.1:1236': 0, 'enode://4@127.0.0.1:1237': -10, 'enode://5@127.0.0.1:1238': -5, 'enode://6@127.0.0.1:1239': 2, 'enode://7@127.0.0.1:1240': -6, 'enode://8@127.0.0.1:1241': -7, 'enode://9@127.0.0.1:1242': 4, 'enode://10@127.0.0.1:1243': -2, 'enode://11@127.0.0.1:1244': -9, 'enode://12@127.0.0.1:1245': 0, 'enode://13@127.0.0.1:1246': -1, 'enode://14@127.0.0.1:1247': -8, 'enode://15@127.0.0.1:1248': -3, 'enode://16@127.0.0.1:1249': -4, 'enode://17@127.0.0.1:1250': 0, 'enode://18@127.0.0.1:1251': 4, 'enode://19@127.0.0.1:1252': 0, 'enode://20@127.0.0.1:1253': 0}
4 1786625060.308 3878 None {'18': 1, '0': 0, '10': 340, '20': 204, '9': 0, '3': 0, '16': 629, '11': 247, '5': 26, '7': 496, '8': 201, '19': 242, '15': 14, '17': 4, '13': 464, '2': 23, '14': 173, '4': 625, '6': 56, '12': 0, '1': 100} {'enode://1@127.0.0.1:1234': 0, 'enode://2@127.0.0.1:1235': 0, 'enode://3@127.0.0.1:1236': 0, 'enode://4@127.0.0.1:1237': -9, 'enode://5@127.0.0.1:1238': -4, 'enode://6@127.0.0.1:1239': 0, 'enode://7@127.0.0.1:1240': -5, 'enode://8@127.0.0.1:1241': -6, 'enode://9@127.0.0.1:1242': 2, 'enode://10@127.0.0.1:1243': -1, 'enode://11@127.0.0.1:1244': -8, 'enode://12@127.0.0.1:1245': 0, 'enode://13@127.0.0.1:1246': 0, 'enode://14@127.0.0.1:1247': -7, 'enode://15@127.0.0.1:1248': -2, 'enode://16@127.0.0.1:1249': -3, 'enode://17@127.0.0.1:1250': 0, 'enode://18@127.0.0.1:1251': -10, 'enode://19@127.0.0.1:1252': 0, 'enode://20@127.0.0.1:1253': 0}
4 1786625060.309 3899 None {'18': 12, '0': 0, '10': 340, '20': 204, '9': 0, '3': 0, '16': 629, '11': 247, '5': 26, '7': 496, '8': 201, '19': 242, '15': 14, '17': 4, '13': 464, '2': 23, '14': 173, '4': 625, '6': 56, '12': 0, '1': 100} {'enode://1@127.0.0.1:1234': 0, 'enode://2@127.0.0.1:1235': 0, 'enode://3@127.0.0.1:1236': 0, 'enode://4@127.0.0.1:1237': -8, 'enode://5@127.0.0.1:1238': -3, 'enode://6@127.0.0.1:1239': 0, 'enode://7@127.0.0.1:1240': -4, 'enode://8@127.0.0.1:1241': -5, 'enode://9@127.0.0.1:1242': -10, 'enode://10@127.0.0.1:1243': 0, 'enode://11@127.0.0.1:1244': -7, 'enode://12@127.0.0.1:1245': 0, 'enode://13@127.0.0.1:1246': 0, 'enode://14@127.0.0.1:1247': -6, 'enode://15@127.0.0.1:1248': -1, 'enode://16@127.0.0.1:1249': -2, 'enode://17@127.0.0.1:1250': 0, 'enode://18@127.0.0.1:1251': -9, 'enode://19@127.0.0.1:1252': 0, 'enode://20@127.0.0.1:1253': 0}
4 1786625060.309 5152 None {'18': 12, '0': 0, '10': 340, '20': 204, '9': 20, '3': 0, '16': 629, '11': 247, '5': 26, '7': 496, '8': 201, '19': 242, '15': 14, '17': 4, '13': 464, '2': 23, '14': 173, '4': 625, '6': 56, '12': 0, '1': 100} {'enode://1@127.0.0.1:1234': 4, 'enode://2@127.0.0.1:1235': 2, 'enode://3@127.0.0.1:1236': 0, 'enode://4@127.0.0.1:1237': -7, 'enode://5@127.0.0.1:1238': -2, 'enode://6@127.0.0.1:1239': 6, 'enode://7@127.0.0.1:1240': -3, 'enode://8@127.0.0.1:1241': -4, 'enode://9@127.0.0.1:1242': -9, 'enode://10@127.0.0.1:1243': 0, 'enode://11@127.0.0.1:1244': -6, 'enode://12@127.0.0.1:1245': 1, 'enode://13@127.0.0.1:1246': 1, 'enode://14@127.0.0.1:1247': -5, 'enode://15@127.0.0.1:1248': 0, 'enode://16@127.0.0.1:1249': -1, 'enode://17@127.0.0.1:1250': 4, 'enode://18@127.0.0.1:1251': -8, 'enode://19@127.0.0.1:1252': 4, 'enode://20@127.0.0.1:1253': -10}
4 1786625060.309 5202 None {'18': 12, '0': 0, '10': 340, '20': 1456, '9': 20, '3': 0, '16': 629, '11': 247, '5': 26, '7': 496, '8': 201, '19': 242, '15': 14, '17': 4, '13': 464, '2': 23, '14': 173, '4': 625, '6': 56, '12': 0, '1': 100} {'enode://1@127.0.0.1:1234': -10, 'enode://2@127.0.0.1:1235': 2, 'enode://3@127.0.0.1:1236': 0, 'enode://4@127.0.0.1:1237': -6, 'enode://5@127.0.0.1:1238': -1, 'enode://6@127.0.0.1:1239': 3, 'enode://7@127.0.0.1:1240': -2, 'enode://8@127.0.0.1:1241': -3, 'enode://9@127.0.0.1:1242': -8, 'enode://10@127.0.0.1:1243': 0, 'enode://11@127.0.0.1:1244': -5, 'enode://12@127.0.0.1:1245': 0, 'enode://13@127.0.0.1:1246': 0, 'enode://14@127.0.0.1:1247': -4, 'enode://15@127.0.0.1:1248': 0, 'enode://16@127.0.0.1:1249': 0, 'enode://17@127.0.0.1:1250': 5, 'enode://18@127.0.0.1:1251': -7, 'enode://19@127.0.0.1:1252': 4, 'enode://20@127.0.0.1:1253': -9}
4 1786625060.309 5242 None {'18': 12, '0': 0, '10': 340, '20': 1456, '9': 20, '3': 0, '16': 629, '11': 247, '5': 26, '7': 496, '8': 201, '19': 242, '15': 14, '17': 4, '13': 464, '2': 23, '14': 173, '4': 625, '6': 56, '12': 0, '1': 149} {'enode://1@127.0.0.1:1234': -9, 'enode://2@127.0.0.1:1235': 2, 'enode://3@127.0.0.1:1236': 0, 'enode://4@127.0.0.1:1237': -5, 'enode://5@127.0.0.1:1238': 0, 'enode://6@127.0.0.1:1239': 3, 'enode://7@127.0.0.1:1240': -1, 'enode://8@127.0.0.1:1241': -2, 'enode://9@127.0.0.1:1242': -7, 'enode://10@127.0.0.1:1243': 0, 'enode://11@127.0.0.1:1244': -4, 'enode://12@127.0.0.1:1245': 0, 'enode://13@127.0.0.1:1246': 1, 'enode://14@127.0.0.1:1247': -3, 'enode://15@127.0.0.1:1248': 0, 'enode://16@127.0.0.1:1249': 0, 'enode://17@127.0.0.1:1250': -10, 'enode://18@127.0.0.1:1251': -6, 'enode://19@127.0.0.1:1252': 4, 'enode://20@127.0.0.1:1253': -8}
4 1786625060.309 5373 None {'18': 12, '0': 0, '10': 340, '20': 1456, '9': 20, '3': 0, '16': 629, '11': 247, '5': 26, '7': 496, '8': 201, '19': 242, '15': 14, '17': 43, '13': 464, '2': 23, '14': 173, '4': 625, '6': 56, '12': 0, '1': 149} {'enode://1@127.0.0.1:1234': -8, 'enode://2@127.0.0.1:1235': 2, 'enode://3@127.0.0.1:1236': 3, 'enode://4@127.0.0.1:1237': -4, 'enode://5@127.0.0.1:1238': 2, 'enode://6@127.0.0.1:1239': 4, 'enode://7@127.0.0.1:1240': 0, 'enode://8@127.0.0.1:1241': -1, 'enode://9@127.0.0.1:1242': -6, 'enode://10@127.0.0.1:1243': 3, 'enode://11@127.0.0.1:1244': -3, 'enode://12@127.0.0.1:1245': 0, 'enode://13@127.0.0.1:1246': 1, 'enode://14@127.0.0.1:1247': -2, 'enode://15@127.0.0.1:1248': 0, 'enode://16@127.0.0.1:1249': 0, 'enode://17@127.0.0.1:1250': -9, 'enode://18@127.0.0.1:1251': -5, 'enode://19@127.0.0.1:1252': -10, 'enode://20@127.0.0.1:1253': -7}
4 1786625060.309 5435 None {'18': 12, '0': 0, '10': 340, '20': 1456, '9': 20, '3': 0, '16': 629, '11': 247, '5': 26, '7': 496, '8': 201, '19': 372, '15': 14, '17': 43, '13': 464, '2': 23, '14': 173, '4': 625, '6': 56, '12': 0, '1': 149} {'enode://1@127.0.0.1:1234': -7, 'enode://2@127.0.0.1:1235': -10, 'enode://3@127.0.0.1:1236': 3, 'enode://4@127.0.0.1:1237': -3, 'enode://5@127.0.0.1:1238': 3, 'enode://6@127.0.0.1:1239': 2, 'enode://7@127.0.0.1:1240': 2, 'enode://8@127.0.0.1:1241': 0, 'enode://9@127.0.0.1:1242': -5, 'enode://10@127.0.0.1:1243': 3, 'enode://11@127.0.0.1:1244': -2, 'enode://12@127.0.0.1:1245': 0, 'enode://13@127.0.0.1:1246': 1, 'enode://14@127.0.0.1:1247': -1, 'enode://15@127.0.0.1:1248': 0, 'enode://16@127.0.0.1:1249': 0, 'enode://17@127.0.0.1:1250': -8, 'enode://18@127.0.0.1:1251': -4, 'enode://19@127.0.0.1:1252': -9, 'enode://20@127.0.0.1:1253': -6}
4 1786625060.309 5531 None {'18': 12, '0': 0, '10': 340, '20': 1456, '9': 20, '3': 0, '16': 629, '11': 247, '5': 26, '7': 496, '8': 201, '19': 372, '15': 14, '17': 43, '13': 464, '2': 84, '14': 173, '4': 625, '6': 56, '12': 0, '1': 149} {'enode://1@127.0.0.1:1234': -6, 'enode://2@127.0.0.1:1235': -9, 'enode://3@127.0.0.1:1236': 2, 'enode://4@127.0.0.1:1237': -2, 'enode://5@127.0.0.1:1238': 0, 'enode://6@127.0.0.1:1239': -10, 'enode://7@127.0.0.1:1240': 2, 'enode://8@127.0.0.1:1241': 0, 'enode://9@127.0.0.1:1242': -4, 'enode://10@127.0.0.1:1243': 3, 'enode://11@127.0.0.1:1244': -1, 'enode://12@127.0.0.1:1245': 0, 'enode://13@127.0.0.1:1246': 0, 'enode://14@127.0.0.1:1247': 0, 'enode://15@127.0.0.1:1248': 0, 'enode://16@127.0.0.1:1249': 0, 'enode://17@127.0.0.1:1250': -7, 'enode://18@127.0.0.1:1251': -3, 'enode://19@127.0.0.1:1252': -8, 'enode://20@127.0.0.1:1253': -5}
4 1786625060.309 5685 None {'18': 12, '0': 0, '10': 340, '20': 1456, '9': 20, '3': 0, '16': 629, '11': 247, '5': 26, '7': 496, '8': 201, '19': 372, '15': 14, '17': 43, '13': 464, '2': 84, '14': 173, '4': 625, '6': 151, '12': 0, '1': 149} {'enode://1@127.0.0.1:1234': -5, 'enode://2@127.0.0.1:1235': -8, 'enode://3@127.0.0.1:1236': 0, 'enode://4@127.0.0.1:1237': -1, 'enode://5@127.0.0.1:1238': 0, 'enode://6@127.0.0.1:1239': -9, 'enode://7@127.0.0.1:1240': 0, 'enode://8@127.0.0.1:1241': 0, 'enode://9@127.0.0.1:1242': -3, 'enode://10@127.0.0.1:1243': -10, 'enode://11@127.0.0.1:1244': 0, 'enode://12@127.0.0.1:1245': 0, 'enode://13@127.0.0.1:1246': 0, 'enode://14@127.0.0.1:1247': 0, 'enode://15@127.0.0.1:1248': 1, 'enode://16@127.0.0.1:1249': 0, 'enode://17@127.0.0.1:1250': -6, 'enode://18@127.0.0.1:1251': -2, 'enode://19@127.0.0.1:1252': -7, 'enode://20@127.0.0.1:1253': -4}
4 1786625060.309 6052 None {'18': 12, '0': 0, '10': 493, '20': 1456, '9': 20, '3': 0, '16': 629, '11': 247, '5': 26, '7': 496, '8': 201, '19': 372, '15': 14, '17': 43, '13': 464, '2': 84, '14': 173, '4': 625, '6': 151, '12': 0, '1': 149} {'enode://1@127.0.0.1:1234': -4, 'enode://2@127.0.0.1:1235': -7, 'enode://3@127.0.0.1:1236': -10, 'enode://4@127.0.0.1:1237': 0, 'enode://5@127.0.0.1:1238': 0, 'enode://6@127.0.0.1:1239': -8, 'enode://7@127.0.0.1:1240': 2, 'enode://8@127.0.0.1:1241': 2, 'enode://9@127.0.0.1:1242': -2, 'enode://10@127.0.0.1:1243': -9, 'enode://11@127.0.0.1:1244': 0, 'enode://12@127.0.0.1:1245': 0, 'enode://13@127.0.0.1:1246': 0, 'enode://14@127.0.0.1:1247': 0, 'enode://15@127.0.0.1:1248': 1, 'enode://16@127.0.0.1:1249': 0, 'enode://17@127.0.0.1:1250': -5, 'enode://18@127.0.0.1:1251': -1, 'enode://19@127.0.0.1:1252': -6, 'enode://20@127.0.0.1:1253': -3}
4 1786625060.309 6710 None {'18': 12, '0': 0, '10': 493, '20': 1456, '9': 20, '3': 366, '16': 629, '11': 247, '5': 26, '7': 496, '8': 201, '19': 372, '15': 14, '17': 43, '13': 464, '2': 84, '14': 173, '4': 625, '6': 151, '12': 0, '1': 149} {'enode://1@127.0.0.1:1234': -3, 'enode://2@127.0.0.1:1235': -6, 'enode://3@127.0.0.1:1236': -9, 'enode://4@127.0.0.1:1237': 0, 'enode://5@127.0.0.1:1238': 1, 'enode://6@127.0.0.1:1239': -7, 'enode://7@127.0.0.1:1240': 1, 'enode://8@127.0.0.1:1241': -10, 'enode://9@127.0.0.1:1242': -1, 'enode://10@127.0.0.1:1243': -8, 'enode://11@127.0.0.1:1244': 3, 'enode://12@127.0.0.1:1245': 0, 'enode://13@127.0.0.1:1246': 2, 'enode://14@127.0.0.1:1247': 0, 'enode://15@127.0.0.1:1248': 1, 'enode://16@127.0.0.1:1249': 0, 'enode://17@127.0.0.1:1250': -4, 'enode://18@127.0.0.1:1251': 0, 'enode://19@127.0.0.1:1252': -5, 'enode://20@127.0.0.1:1253': -2}
4 1786625060.309 6727 None {'18': 12, '0': 0, '10': 493, '20': 1456, '9': 20, '3': 366, '16': 629, '11': 247, '5': 26, '7': 496, '8': 858, '19': 372, '15': 14, '17': 43, '13': 464, '2': 84, '14': 173, '4': 625, '6': 151, '12': 0, '1': 149} {'enode://1@127.0.0.1:1234': -2, 'enode://2@127.0.0.1:1235': -5, 'enode://3@127.0.0.1:1236': -8, 'enode://4@127.0.0.1:1237': 0, 'enode://5@127.0.0.1:1238': 3, 'enode://6@127.0.0.1:1239': -6, 'enode://7@127.0.0.1:1240': 0, 'enode://8@127.0.0.1:1241': -9, 'enode://9@127.0.0.1:1242': 0, 'enode://10@127.0.0.1:1243': -7, 'enode://11@127.0.0.1:1244': -10, 'enode://12@127.0.0.1:1245': 0, 'enode://13@127.0.0.1:1246': 1, 'enode://14@127.0.0.1:1247': 1, 'enode://15@127.0.0.1:1248': 0, 'enode://16@127.0.0.1:1249': 0, 'enode://17@127.0.0.1:1250': -3, 'enode://18@127.0.0.1:1251': 2, 'enode://19@127.0.0.1:1252': -4, 'enode://20@127.0.0.1:1253': -1}
4 1786625060.309 6761 None {'18': 12, '0': 0, '10': 493, '20': 1456, '9': 20, '3': 366, '16': 629, '11': 263, '5': 26, '7': 496, '8': 858, '19': 372, '15': 14, '17': 43, '13': 464, '2': 84, '14': 173, '4': 625, '6': 151, '12': 0, '1': 149} {'enode://1@127.0.0.1:1234': -1, 'enode://2@127.0.0.1:1235': -4, 'enode://3@127.0.0.1:1236': -7, 'enode://4@127.0.0.1:1237': 0, 'enode://5@127.0.0.1:1238': -10, 'enode://6@127.0.0.1:1239': -5, 'enode://7@127.0.0.1:1240': 0, 'enode://8@127.0.0.1:1241': -8, 'enode://9@127.0.0.1:1242': 4, 'enode://10@127.0.0.1:1243': -6, 'enode://11@127.0.0.1:1244': -9, 'enode://12@127.0.0.1:1245': 0, 'enode://13@127.0.0.1:1246': 1, 'enode://14@127.0.0.1:1247': 2, 'enode://15@127.0.0.1:1248': 0, 'enode://16@127.0.0.1:1249': 0, 'enode://17@127.0.0.1:1250': -2, 'enode://18@127.0.0.1:1251': 4, 'enode://19@127.0.0.1:1252': -3, 'enode://20@127.0.0.1:1253': 0}
4 1786625060.309 6794 None {'18': 12, '0': 0, '10': 493, '20': 1456, '9': 20, '3': 366, '16': 629, '11': 263, '5': 59, '7': 496, '8': 858, '19': 372, '15': 14, '17': 43, '13': 464, '2': 84, '14': 173, '4': 625, '6': 151, '12': 0, '1': 149} {'enode://1@127.0.0.1:1234': 0, 'enode://2@127.0.0.1:1235': -3, 'enode://3@127.0.0.1:1236': -6, 'enode://4@127.0.0.1:1237': 0, 'enode://5@127.0.0.1:1238': -9, 'enode://6@127.0.0.1:1239': -4, 'enode://7@127.0.0.1:1240': 0, 'enode://8@127.0.0.1:1241': -7, 'enode://9@127.0.0.1:1242': 5, 'enode://10@127.0.0.1:1243': -5, 'enode://11@127.0.0.1:1244': -8, 'enode://12@127.0.0.1:1245': 0, 'enode://13@127.0.0.1:1246': 5, 'enode://14@127.0.0.1:1247': 2, 'enode://15@127.0.0.1:1248': 0, 'enode://16@127.0.0.1:1249': 0, 'enode://17@127.0.0.1:1250': -1, 'enode://18@127.0.0.1:1251': -10, 'enode://19@127.0.0.1:1252': -2, 'enode://20@127.0.0.1:1253': 0}
4 1786625060.309 6838 None {'18': 44, '0': 0, '10': 493, '20': 1456, '9': 20, '3': 366, '16': 629, '11': 263, '5': 59, '7': 496, '8': 858, '19': 372, '15': 14, '17': 43, '13': 464, '2': 84, '14': 173, '4': 625, '6': 151, '12': 0, '1': 149} {'enode://1@127.0.0.1:1234': 0, 'enode://2@127.0.0.1:1235': -2, 'enode://3@127.0.0.1:1236': -5, 'enode://4@127.0.0.1:1237': 0, 'enode://5@127.0.0.1:1238': -8, 'enode://6@127.0.0.1:1239': -3, 'enode://7@127.0.0.1:1240': 0, 'enode://8@127.0.0.1:1241': -6, 'enode://9@127.0.0.1:1242': 5, 'enode://10@127.0.0.1:1243': -4, 'enode://11@127.0.0.1:1244': -7, 'enode://12@127.0.0.1:1245': 0, 'enode://13@127.0.0.1:1246': -10, 'enode://14@127.0.0.1:1247': 2, 'enode://15@127.0.0.1:1248': 0, 'enode://16@127.0.0.1:1249': 0, 'enode://17@127.0.0.1:1250': 0, 'enode://18@127.0.0.1:1251': -9, 'enode://19@127.0.0.1:1252': -1, 'enode://20@127.0.0.1:1253': 0}
4 1786625060.309 6873 None {'18': 44, '0': 0, '10': 493, '20': 1456, '9': 20, '3': 366, '16': 629, '11': 263, '5': 59, '7': 496, '8': 858, '19': 372, '15': 14, '17': 43, '13': 507, '2': 84, '14': 173, '4': 625, '6': 151, '12': 0, '1': 149} {'enode://1@127.0.0.1:1234': 0, 'enode://2@127.0.0.1:1235': -1, 'enode://3@127.0.0.1:1236': -4, 'enode://4@127.0.0.1:1237': 0, 'enode://5@127.0.0.1:1238': -7, 'enode://6@127.0.0.1:1239': -2, 'enode://7@127.0.0.1:1240': 0, 'enode://8@127.0.0.1:1241': -5, 'enode://9@127.0.0.1:1242': -10, 'enode://10@127.0.0.1:1243': -3, 'enode://11@127.0.0.1:1244': -6, 'enode://12@127.0.0.1:1245': 0, 'enode://13@127.0.0.1:1246': -9, 'enode://14@127.0.0.1:1247': 2, 'enode://15@127.0.0.1:1248': 0, 'enode://16@127.0.0.1:1249': 0, 'enode://17@127.0.0.1:1250': 0, 'enode://18@127.0.0.1:1251': -8, 'enode://19@127.0.0.1:1252': 0, 'enode://20@127.0.0.1:1253': 0}
4 1786625060.31 7605 None {'18': 44, '0': 0, '10': 493, '20': 1456, '9': 54, '3': 366, '16': 629, '11': 263, '5': 59, '7': 496, '8': 858, '19': 372, '15': 14, '17': 43, '13': 507, '2': 84, '14': 173, '4': 625, '6': 151, '12': 0, '1': 149} {'enode://1@127.0.0.1:1234': 5, 'enode://2@127.0.0.1:1235': 0, 'enode://3@127.0.0.1:1236': -3, 'enode://4@127.0.0.1:1237': 0, 'enode://5@127.0.0.1:1238': -6, 'enode://6@127.0.0.1:1239': -1, 'enode://7@127.0.0.1:1240': -10, 'enode://8@127.0.0.1:1241': -4, 'enode://9@127.0.0.1:1242': -9, 'enode://10@127.0.0.1:1243': -2, 'enode://11@127.0.0.1:1244': -5, 'enode://12@127.0.0.1:1245': 1, 'enode://13@127.0.0.1:1246': -8, 'enode://14@127.0.0.1:1247': 2, 'enode://15@127.0.0.1:1248': 4, 'enode://16@127.0.0.1:1249': 0, 'enode://17@127.0.0.1:1250': 1, 'enode://18@127.0.0.1:1251': -7, 'enode://19@127.0.0.1:1252': 2, 'enode://20@127.0.0.1:1253': 1}
4 1786625060.31 7646 None {'18': 44, '0': 0, '10': 493, '20': 1456, '9': 54, '3': 366, '16': 629, '11': 263, '5': 59, '7': 1227, '8': 858, '19': 372, '15': 14, '17': 43, '13': 507, '2': 84, '14': 173, '4': 625, '6': 151, '12': 0, '1': 149} {'enode://1@127.0.0.1:1234': 2, 'enode://2@127.0.0.1:1235': 2, 'enode://3@127.0.0.1:1236': -2, 'enode://4@127.0.0.1:1237': 0, 'enode://5@127.0.0.1:1238': -5, 'enode://6@127.0.0.1:1239': 0, 'enode://7@127.0.0.1:1240': -9, 'enode://8@127.0.0.1:1241': -3, 'enode://9@127.0.0.1:1242': -8, 'enode://10@127.0.0.1:1243': -1, 'enode://11@127.0.0.1:1244': -4, 'enode://12@127.0.0.1:1245': 0, 'enode://13@127.0.0.1:1246': -7, 'enode://14@127.0.0.1:1247': 0, 'enode://15@127.0.0.1:1248': -10, 'enode://16@127.0.0.1:1249': 0, 'enode://17@127.0.0.1:1250': 0, 'enode://18@127.0.0.1:1251': -6, 'enode://19@127.0.0.1:1252': 2, 'enode://20@127.0.0.1:1253': 0}
4 1786625060.31 7706 None {'18': 44, '0': 0, '10': 493, '20': 1456, '9': 54, '3': 366, '16': 629, '11': 263, '5': 59, '7': 1227, '8': 858, '19': 372, '15': 54, '17': 43, '13': 507, '2': 84, '14': 173, '4': 625, '6': 151, '12': 0, '1': 149} {'enode://1@127.0.0.1:1234': 4, 'enode://2@127.0.0.1:1235': 0, 'enode://3@127.0.0.1:1236': -1, 'enode://4@127.0.0.1:1237': 0, 'enode://5@127.0.0.1:1238': -4, 'enode://6@127.0.0.1:1239': 0, 'enode://7@127.0.0.1:1240': -8, 'enode://8@127.0.0.1:1241': -2, 'enode://9@127.0.0.1:1242': -7, 'enode://10@127.0.0.1:1243': 0, 'enode://11@127.0.0.1:1244': -3, 'enode://12@127.0.0.1:1245': 0, 'enode://13@127.0.0.1:1246': -6, 'enode://14@127.0.0.1:1247': 0, 'enode://15@127.0.0.1:1248': -9, 'enode://16@127.0.0.1:1249': 0, 'enode://17@127.0.0.1:1250': 0, 'enode://18@127.0.0.1:1251': -5, 'enode://19@127.0.0.1:1252': -10, 'enode://20@127.0.0.1:1253': 0}
4 1786625060.31 7740 None {'18': 44, '0': 0, '10': 493, '20': 1456, '9': 54, '3': 366, '16': 629, '11': 263, '5': 59, '7': 1227, '8': 858, '19': 431, '15': 54, '17': 43, '13': 507, '2': 84, '14': 173, '4': 625, '6': 151, '12': 0, '1': 149} {'enode://1@127.0.0.1:1234': -10, 'enode://2@127.0.0.1:1235': 0, 'enode://3@127.0.0.1:1236': 0, 'enode://4@127.0.0.1:1237': 0, 'enode://5@127.0.0.1:1238': -3, 'enode://6@127.0.0.1:1239': 0, 'enode://7@127.0.0.1:1240': -7, 'enode://8@127.0.0.1:1241': -1, 'enode://9@127.0.0.1:1242': -6, 'enode://10@127.0.0.1:1243': 3, 'enode://11@127.0.0.1:1244': -2, 'enode://12@127.0.0.1:1245': 0, 'enode://13@127.0.0.1:1246': -5, 'enode://14@127.0.0.1:1247': 0, 'enode://15@127.0.0.1:1248': -8, 'enode://16@127.0.0.1:1249': 0, 'enode://17@127.0.0.1:1250': 0, 'enode://18@127.0.0.1:1251': -4, 'enode://19@127.0.0.1:1252': -9, 'enode://20@127.0.0.1:1253': 0}
4 1786625060.31 8009 None {'18': 44, '0': 0, '10': 493, '20': 1456, '9': 54, '3': 366, '16': 629, '11': 263, '5': 59, '7': 1227, '8': 858, '19': 431, '15': 54, '17': 43, '13': 507, '2': 84, '14': 173, '4': 625, '6': 151, '12': 0, '1': 182} {'enode://1@127.0.0.1:1234': -9, 'enode://2@127.0.0.1:1235': 0, 'enode://3@127.0.0.1:1236': 5, 'enode://4@127.0.0.1:1237': 0, 'enode://5@127.0.0.1:1238': -2, 'enode://6@127.0.0.1:1239': 0, 'enode://7@127.0.0.1:1240': -6, 'enode://8@127.0.0.1:1241': 0, 'enode://9@127.0.0.1:1242': -5, 'enode://10@127.0.0.1:1243': -10, 'enode://11@127.0.0.1:1244': -1, 'enode://12@127.0.0.1:1245': 2, 'enode://13@127.0.0.1:1246': -4, 'enode://14@127.0.0.1:1247': 0, 'enode://15@127.0.0.1:1248': -7, 'enode://16@127.0.0.1:1249': 1, 'enode://17@127.0.0.1:1250': 0, 'enode://18@127.0.0.1:1251': -3, 'enode://19@127.0.0.1:1252': -8, 'enode://20@127.0.0.1:1253': 0}
4 1786625060.31 8396 None {'18': 44, '0': 0, '10': 761, '20': 1456, '9': 54, '3': 366, '16': 629, '11': 263, '5': 59, '7': 1227, '8': 858, '19': 431, '15': 54, '17': 43, '13': 507, '2': 84, '14': 173, '4': 625, '6': 151, '12': 0, '1': 182} {'enode://1@127.0.0.1:1234': -8, 'enode://2@127.0.0.1:1235': 0, 'enode://3@127.0.0.1:1236': 0, 'enode://4@127.0.0.1:1237': -10, 'enode://5@127.0.0.1:1238': -1, 'enode://6@127.0.0.1:1239': 0, 'enode://7@127.0.0.1:1240': -5, 'enode://8@127.0.0.1:1241': 0, 'enode://9@127.0.0.1:1242': -4, 'enode://10@127.0.0.1:1243': -9, 'enode://11@127.0.0.1:1244': 0, 'enode://12@127.0.0.1:1245': 0, 'enode://13@127.0.0.1:1246': -3, 'enode://14@127.0.0.1:1247': 2, 'enode://15@127.0.0.1:1248': -6, 'enode://16@127.0.0.1:1249': 0, 'enode://17@127.0.0.1:1250': 1, 'enode://18@127.0.0.1:1251': -2, 'enode://19@127.0.0.1:1252': -7, 'enode://20@127.0.0.1:1253': 2}
4 1786625060.31 8471 None {'18': 44, '0': 0, '10': 761, '20': 1456, '9': 54, '3': 366, '16': 629, '11': 263, '5': 59, '7': 1227, '8': 858, '19': 431, '15': 54, '17': 43, '13': 507, '2': 84, '14': 173, '4': 1011, '6': 151, '12': 0, '1': 182} {'enode://1@127.0.0.1:1234': -7, 'enode://2@127.0.0.1:1235': 0, 'enode://3@127.0.0.1:1236': 0, 'enode://4@127.0.0.1:1237': -9, 'enode://5@127.0.0.1:1238': 0, 'enode://6@127.0.0.1:1239': 0, 'enode://7@127.0.0.1:1240': -4, 'enode://8@127.0.0.1:1241': 0, 'enode://9@127.0.0.1:1242': -3, 'enode://10@127.0.0.1:1243': -8, 'enode://11@127.0.0.1:1244': 0, 'enode://12@127.0.0.1:1245': 0, 'enode://13@127.0.0.1:1246': -2, 'enode://14@127.0.0.1:1247': -10, 'enode://15@127.0.0.1:1248': -5, 'enode://16@127.0.0.1:1249': 0, 'enode://17@127.0.0.1:1250': 0, 'enode://18@127.0.0.1:1251': -1, 'enode://19@127.0.0.1:1252': -6, 'enode://20@127.0.0.1:1253': 3}
4 1786625060.31 8510 None {'18': 44, '0': 0, '10': 761, '20': 1456, '9': 54, '3': 366, '16': 629, '11': 263, '5': 59, '7': 1227, '8': 858, '19': 431, '15': 54, '17': 43, '13': 507, '2': 84, '14': 247, '4': 1011, '6': 151, '12': 0, '1': 182} {'enode://1@127.0.0.1:1234': -6, 'enode://2@127.0.0.1:1235': 0, 'enode://3@127.0.0.1:1236': 0, 'enode://4@127.0.0.1:1237': -8, 'enode://5@127.0.0.1:1238': 3, 'enode://6@127.0.0.1:1239': 0, 'enode://7@127.0.0.1:1240': -3, 'enode://8@127.0.0.1:1241': 0, 'enode://9@127.0.0.1:1242': -2, 'enode://10@127.0.0.1:1243': -7, 'enode://11@127.0.0.1:1244': 0, 'enode://12@127.0.0.1:1245': 0, 'enode://13@127.0.0.1:1246': -1, 'enode://14@127.0.0.1:1247': -9, 'enode://15@127.0.0.1:1248': -4, 'enode://16@127.0.0.1:1249': 0, 'enode://17@127.0.0.1:1250': 0, 'enode://18@127.0.0.1:1251': 0, 'enode://19@127.0.0.1:1252': -5, 'enode://20@127.0.0.1:1253': -10}
4 1786625060.31 8957 None {'18': 44, '0': 0, '10': 761, '20': 1494, '9': 54, '3': 366, '16': 629, '11': 263, '5': 59, '7': 1227, '8': 858, '19': 431, '15': 54, '17': 43, '13': 507, '2': 84, '14': 247, '4': 1011, '6': 151, '12': 0, '1': 182} {'enode://1@127.0.0.1:1234': -5, 'enode://2@127.0.0.1:1235': 0, 'enode://3@127.0.0.1:1236': 0, 'enode://4@127.0.0.1:1237': -7, 'enode://5@127.0.0.1:1238': -10, 'enode://6@127.0.0.1:1239': 1, 'enode://7@127.0.0.1:1240': -2, 'enode://8@127.0.0.1:1241': 0, 'enode://9@127.0.0.1:1242': -1, 'enode://10@127.0.0.1:1243': -6, 'enode://11@127.0.0.1:1244': 0, 'enode://12@127.0.0.1:1245': 0, 'enode://13@127.0.0.1:1246': 0, 'enode://14@127.0.0.1:1247': -8, 'enode://15@127.0.0.1:1248': -3, 'enode://16@127.0.0.1:1249': 0, 'enode://17@127.0.0.1:1250': 0, 'enode://18@127.0.0.1:1251': 0, 'enode://19@127.0.0.1:1252': -4, 'enode://20@127.0.0.1:1253': -9}
4 1786625060.31 9005 None {'18': 44, '0': 0, '10': 761, '20': 1494, '9': 54, '3': 366, '16': 629, '11': 263, '5': 505, '7': 1227, '8': 858, '19': 431, '15': 54, '17': 43, '13': 507, '2': 84, '14': 247, '4': 1011, '6': 151, '12': 0, '1': 182} {'enode://1@127.0.0.1:1234': -4, 'enode://2@127.0.0.1:1235': 0, 'enode://3@127.0.0.1:1236': 0, 'enode://4@127.0.0.1:1237': -6, 'enode://5@127.0.0.1:1238': -9, 'enode://6@127.0.0.1:1239': -10, 'enode://7@127.0.0.1:1240': -1, 'enode://8@127.0.0.1:1241': 0, 'enode://9@127.0.0.1:1242': 0, 'enode://10@127.0.0.1:1243': -5, 'enode://11@127.0.0.1:1244': 0, 'enode://12@127.0.0.1:1245': 0, 'enode://13@127.0.0.1:1246': 2, 'enode://14@127.0.0.1:1247': -7, 'enode://15@127.0.0.1:1248': -2, 'enode://16@127.0.0.1:1249': 0, 'enode://17@127.0.0.1:1250': 0, 'enode://18@127.0.0.1:1251': 0, 'enode://19@127.0.0.1:1252': -3, 'enode://20@127.0.0.1:1253': -8}
4 1786625060.31 9523 None {'18': 44, '0': 0, '10': 761, '20': 1494, '9': 54, '3': 366, '16': 629, '11': 263, '5': 505, '7': 1227, '8': 858, '19': 431, '15': 54, '17': 43, '13': 507, '2': 84, '14': 247, '4': 1011, '6': 198, '12': 0, '1': 182} {'enode://1@127.0.0.1:1234': -3, 'enode://2@127.0.0.1:1235': -10, 'enode://3@127.0.0.1:1236': 0, 'enode://4@127.0.0.1:1237': -5, 'enode://5@127.0.0.1:1238': -8, 'enode://6@127.0.0.1:1239': -9, 'enode://7@127.0.0.1:1240': 0, 'enode://8@127.0.0.1:1241': 0, 'enode://9@127.0.0.1:1242': 7, 'enode://10@127.0.0.1:1243': -4, 'enode://11@127.0.0.1:1244': 0, 'enode://12@127.0.0.1:1245': 0, 'enode://13@127.0.0.1:1246': 4, 'enode://14@127.0.0.1:1247': -6, 'enode://15@127.0.0.1:1248': -1, 'enode://16@127.0.0.1:1249': 0, 'enode://17@127.0.0.1:1250': 1, 'enode://18@127.0.0.1:1251': 0, 'enode://19@127.0.0.1:1252': -2, 'enode://20@127.0.0.1:1253': -7}
4 1786625060.31 9644 None {'18': 44, '0': 0, '10': 761, '20': 1494, '9': 54, '3': 366, '16': 629, '11': 263, '5': 505, '7': 1227, '8': 858, '19': 431, '15': 54, '17': 43, '13': 507, '2': 601, '14': 247, '4': 1011, '6': 198, '12': 0, '1': 182} {'enode://1@127.0.0.1:1234': -2, 'enode://2@127.0.0.1:1235': -9, 'enode://3@127.0.0.1:1236': 0, 'enode://4@127.0.0.1:1237': -4, 'enode://5@127.0.0.1:1238': -7, 'enode://6@127.0.0.1:1239': -8, 'enode://7@127.0.0.1:1240': 6, 'enode://8@127.0.0.1:1241': 0, 'enode://9@127.0.0.1:1242': 5, 'enode://10@127.0.0.1:1243': -3, 'enode://11@127.0.0.1:1244': 0, 'enode://12@127.0.0.1:1245': 0, 'enode://13@127.0.0.1:1246': -10, 'enode://14@127.0.0.1:1247': -5, 'enode://15@127.0.0.1:1248': 0, 'enode://16@127.0.0.1:1249': 0, 'enode://17@127.0.0.1:1250': 0, 'enode://18@127.0.0.1:1251': 0, 'enode://19@127.0.0.1:1252': -1, 'enode://20@127.0.0.1:1253': -6}
4 1786625060.31 9900 None {'18': 44, '0': 0, '10': 761, '20': 1494, '9': 54, '3': 366, '16': 629, '11': 263, '5': 505, '7': 1227, '8': 858, '19': 431, '15': 54, '17': 43, '13': 627, '2': 601, '14': 247, '4': 1011, '6': 198, '12': 0, '1': 182} {'enode://1@127.0.0.1:1234': -1, 'enode://2@127.0.0.1:1235': -8, 'enode://3@127.0.0.1:1236': 0, 'enode://4@127.0.0.1:1237': -3, 'enode://5@127.0.0.1:1238': -6, 'enode://6@127.0.0.1:1239': -7, 'enode://7@127.0.0.1:1240': -10, 'enode://8@127.0.0.1:1241': 0, 'enode://9@127.0.0.1:1242': 6, 'enode://10@127.0.0.1:1243': -2, 'enode://11@127.0.0.1:1244': 0, 'enode://12@127.0.0.1:1245': 0, 'enode://13@127.0.0.1:1246': -9, 'enode://14@127.0.0.1:1247': -4, 'enode://15@127.0.0.1:1248': 4, 'enode://16@127.0.0.1:1249': 0, 'enode://17@127.0.0.1:1250': 0, 'enode://18@127.0.0.1:1251': 0, 'enode://19@127.0.0.1:1252': 0, 'enode://20@127.0.0.1:1253': -5}
4 1786625060.31 10081 None {'18': 44, '0': 0, '10': 761, '20': 1494, '9': 54, '3': 366, '16': 629, '11': 263, '5': 505, '7': 1482, '8': 858, '19': 431, '15': 54, '17': 43, '13': 627, '2': 601, '14': 247, '4': 1011, '6': 198, '12': 0, '1': 182} {'enode://1@127.0.0.1:1234': 0, 'enode://2@127.0.0.1:1235': -7, 'enode://3@127.0.0.1:1236': 0, 'enode://4@127.0.0.1:1237': -2, 'enode://5@127.0.0.1:1238': -5, 'enode://6@127.0.0.1:1239': -6, 'enode://7@127.0.0.1:1240': -9, 'enode://8@127.0.0.1:1241': 0, 'enode://9@127.0.0.1:1242': -10, 'enode://10@127.0.0.1:1243': -1, 'enode://11@127.0.0.1:1244': 0, 'enode://12@127.0.0.1:1245': 0, 'enode://13@127.0.0.1:1246': -8, 'enode://14@127.0.0.1:1247': -3, 'enode://15@127.0.0.1:1248': 5, 'enode://16@127.0.0.1:1249': 0, 'enode://17@127.0.0.1:1250': 0, 'enode://18@127.0.0.1:1251': 0, 'enode://19@127.0.0.1:1252': 0, 'enode://20@127.0.0.1:1253': -4}
4 1786625060.31 10207 None {'18': 44, '0': 0, '10': 761, '20': 1494, '9': 234, '3': 366, '16': 629, '11': 263, '5': 505, '7': 1482, '8': 858, '19': 431, '15': 54, '17': 43, '13': 627, '2': 601, '14': 247, '4': 1011, '6': 198, '12': 0, '1': 182} {'enode://1@127.0.0.1:1234': 5, 'enode://2@127.0.0.1:1235': -6, 'enode://3@127.0.0.1:1236': 0, 'enode://4@127.0.0.1:1237': -1, 'enode://5@127.0.0.1:1238': -4, 'enode://6@127.0.0.1:1239': -5, 'enode://7@127.0.0.1:1240': -8, 'enode://8@127.0.0.1:1241': 0, 'enode://9@127.0.0.1:1242': -9, 'enode://10@127.0.0.1:1243': 0, 'enode://11@127.0.0.1:1244': 0, 'enode://12@127.0.0.1:1245': 0, 'enode://13@127.0.0.1:1246': -7, 'enode://14@127.0.0.1:1247': -2, 'enode://15@127.0.0.1:1248': -10, 'enode://16@127.0.0.1:1249': 0, 'enode://17@127.0.0.1:1250': 0, 'enode://18@127.0.0.1:1251': 0, 'enode://19@127.0.0.1:1252': 0, 'enode://20@127.0.0.1:1253': -3}
4 1786625060.311 10269 None {'18': 44, '0': 0, '10': 761, '20': 1494, '9': 234, '3': 366, '16': 629, '11': 263, '5': 505, '7': 1482, '8': 858, '19': 431, '15': 179, '17': 43, '13': 627, '2': 601, '14': 247, '4': 1011, '6': 198, '12': 0, '1': 182} {'enode://1@127.0.0.1:1234': -10, 'enode://2@127.0.0.1:1235': -5, 'enode://3@127.0.0.1:1236': 0, 'enode://4@127.0.0.1:1237': 0, 'enode://5@127.0.0.1:1238': -3, 'enode://6@127.0.0.1:1239': -4, 'enode://7@127.0.0.1:1240': -7, 'enode://8@127.0.0.1:1241': 0, 'enode://9@127.0.0.1:1242': -8, 'enode://10@127.0.0.1:1243': 6, 'enode://11@127.0.0.1:1244': 0, 'enode://12@127.0.0.1:1245': 0, 'enode://13@127.0.0.1:1246': -6, 'enode://14@127.0.0.1:1247': -1, 'enode://15@127.0.0.1:1248': -9, 'enode://16@127.0.0.1:1249': 0, 'enode://17@127.0.0.1:1250': 0, 'enode://18@127.0.0.1:1251': 0, 'enode://19@127.0.0.1:1252': 0, 'enode://20@127.0.0.1:1253': -2}
4 1786625060.311 10334 None {'18': 44, '0': 0, '10': 761, '20': 1494, '9': 234, '3': 366, '16': 629, '11': 263, '5': 505, '7': 1482, '8': 858, '19': 431, '15': 179, '17': 43, '13': 627, '2': 601, '14': 247, '4': 1011, '6': 198, '12': 0, '1': 243} {'enode://1@127.0.0.1:1234': -9, 'enode://2@127.0.0.1:1235': -4, 'enode://3@127.0.0.1:1236': 0, 'enode://4@127.0.0.1:1237': 8, 'enode://5@127.0.0.1:1238': -2, 'enode://6@127.0.0.1:1239': -3, 'enode://7@127.0.0.1:1240': -6, 'enode://8@127.0.0.1:1241': 0, 'enode://9@127.0.0.1:1242': -7, 'enode://10@127.0.0.1:1243': -10, 'enode://11@127.0.0.1:1244': 0, 'enode://12@127.0.0.1:1245': 0, 'enode://13@127.0.0.1:1246': -5, 'enode://14@127.0.0.1:1247': 0, 'enode://15@127.0.0.1:1248': -8, 'enode://16@127.0.0.1:1249': 0, 'enode://17@127.0.0.1:1250': 0, 'enode://18@127.0.0.1:1251': 0, 'enode://19@127.0.0.1:1252': 0, 'enode://20@127.0.0.1:1253': -1}
4 1786625060.311 10536 None {'18': 44, '0': 0, '10': 825, '20': 1494, '9': 234, '3': 366, '16': 629, '11': 263, '5': 505, '7': 1482, '8': 858, '19': 431, '15': 179, '17': 43, '13': 627, '2': 601, '14': 247, '4': 1011, '6': 198, '12': 0, '1': 243} {'enode://1@127.0.0.1:1234': -8, 'enode://2@127.0.0.1:1235': -3, 'enode://3@127.0.0.1:1236': 0, 'enode://4@127.0.0.1:1237': -10, 'enode://5@127.0.0.1:1238': -1, 'enode://6@127.0.0.1:1239': -2, 'enode://7@127.0.0.1:1240': -5, 'enode://8@127.0.0.1:1241': 0, 'enode://9@127.0.0.1:1242': -6, 'enode://10@127.0.0.1:1243': -9, 'enode://11@127.0.0.1:1244': 0, 'enode://12@127.0.0.1:1245': 0, 'enode://13@127.0.0.1:1246': -4, 'enode://14@127.0.0.1:1247': 5, 'enode://15@127.0.0.1:1248': -7, 'enode://16@127.0.0.1:1249': 0, 'enode://17@127.0.0.1:1250': 0, 'enode://18@127.0.0.1:1251': 0, 'enode://19@127.0.0.1:1252': 0, 'enode://20@127.0.0.1:1253': 0}
4 1786625060.311 10562 None {'18': 44, '0': 0, '10': 825, '20': 1494, '9': 234, '3': 366, '16': 629, '11': 263, '5': 505, '7': 1482, '8': 858, '19': 431, '15': 179, '17': 43, '13': 627, '2': 601, '14': 247, '4': 1212, '6': 198, '12': 0, '1': 243} {'enode://1@127.0.0.1:1234': -7, 'enode://2@127.0.0.1:1235': -2, 'enode://3@127.0.0.1:1236': 0, 'enode://4@127.0.0.1:1237': -9, 'enode://5@127.0.0.1:1238': 0, 'enode://6@127.0.0.1:1239': -1, 'enode://7@127.0.0.1:1240': -4, 'enode://8@127.0.0.1:1241': 0, 'enode://9@127.0.0.1:1242': -5, 'enode://10@127.0.0.1:1243': -8, 'enode://11@127.0.0.1:1244': 0, 'enode://12@127.0.0.1:1245': 0, 'enode://13@127.0.0.1:1246': -3, 'enode://14@127.0.0.1:1247': -10, 'enode://15@127.0.0.1:1248': -6, 'enode://16@127.0.0.1:1249': 0, 'enode://17@127.0.0.1:1250': 0, 'enode://18@127.0.0.1:1251': 0, 'enode://19@127.0.0.1:1252': 0, 'enode://20@127.0.0.1:1253': 9}
4 1786625060.311 10683 None {'18': 44, '0': 0, '10': 825, '20': 1494, '9': 234, '3': 366, '16': 629, '11': 263, '5': 505, '7': 1482, '8': 858, '19': 431, '15': 179, '17': 43, '13': 627, '2': 601, '14': 272, '4': 1212, '6': 198, '12': 0, '1': 243} {'enode://1@127.0.0.1:1234': -6, 'enode://2@127.0.0.1:1235': -1, 'enode://3@127.0.0.1:1236': 0, 'enode://4@127.0.0.1:1237': -8, 'enode://5@127.0.0.1:1238': 7, 'enode://6@127.0.0.1:1239': 0, 'enode://7@127.0.0.1:1240': -3, 'enode://8@127.0.0.1:1241': 0, 'enode://9@127.0.0.1:1242': -4, 'enode://10@127.0.0.1:1243': -7, 'enode://11@127.0.0.1:1244': 0, 'enode://12@127.0.0.1:1245': 0, 'enode://13@127.0.0.1:1246': -2, 'enode://14@127.0.0.1:1247': -9, 'enode://15@127.0.0.1:1248': -5, 'enode://16@127.0.0.1:1249': 0, 'enode://17@127.0.0.1:1250': 0, 'enode://18@127.0.0.1:1251': 0, 'enode://19@127.0.0.1:1252': 0, 'enode://20@127.0.0.1:1253': -10}
4 1786625060.311 10815 None {'18': 44, '0': 0, '10': 825, '20': 1614, '9': 234, '3': 366, '16': 629, '11': 263, '5': 505, '7': 1482, '8': 858, '19': 431, '15': 179, '17': 43, '13': 627, '2': 601, '14': 272, '4': 1212, '6': 198, '12': 0, '1': 243} {'enode://1@127.0.0.1:1234': -5, 'enode://2@127.0.0.1:1235': 0, 'enode://3@127.0.0.1:1236': 3, 'enode://4@127.0.0.1:1237': -7, 'enode://5@127.0.0.1:1238': -10, 'enode://6@127.0.0.1:1239': 0, 'enode://7@127.0.0.1:1240': -2, 'enode://8@127.0.0.1:1241': 3, 'enode://9@127.0.0.1:1242': -3, 'enode://10@127.0.0.1:1243': -6, 'enode://11@127.0.0.1:1244': 0, 'enode://12@127.0.0.1:1245': 0, 'enode://13@127.0.0.1:1246': -1, 'enode://14@127.0.0.1:1247': -8, 'enode://15@127.0.0.1:1248': -4, 'enode://16@127.0.0.1:1249': 0, 'enode://17@127.0.0.1:1250': 0, 'enode://18@127.0.0.1:1251': 0, 'enode://19@127.0.0.1:1252': 0, 'enode://20@127.0.0.1:1253': -9}
4 1786625060.311 11082 None {'18': 44, '0': 0, '10': 825, '20': 1614, '9': 234, '3': 366, '16': 629, '11': 263, '5': 636, '7': 1482, '8': 858, '19': 431, '15': 179, '17': 43, '13': 627, '2': 601, '14': 272, '4': 1212, '6': 198, '12': 0, '1': 243} {'enode://1@127.0.0.1:1234': -4, 'enode://2@127.0.0.1:1235': 10, 'enode://3@127.0.0.1:1236': 3, 'enode://4@127.0.0.1:1237': -6, 'enode://5@127.0.0.1:1238': -9, 'enode://6@127.0.0.1:1239': 0, 'enode://7@127.0.0.1:1240': -1, 'enode://8@127.0.0.1:1241': 3, 'enode://9@127.0.0.1:1242': -2, 'enode://10@127.0.0.1:1243': -5, 'enode://11@127.0.0.1:1244': 4, 'enode://12@127.0.0.1:1245': 0, 'enode://13@127.0.0.1:1246': 0, 'enode://14@127.0.0.1:1247': -7, 'enode://15@127.0.0.1:1248': -3, 'enode://16@127.0.0.1:1249': 0, 'enode://17@127.0.0.1:1250': 0, 'enode://18@127.0.0.1:1251': -10, 'enode://19@127.0.0.1:1252': 0, 'enode://20@127.0.0.1:1253': -8}
4 1786625060.311 11133 None {'18': 310, '0': 0, '10': 825, '20': 1614, '9': 234, '3': 366, '16': 629, '11': 263, '5': 636, '7': 1482, '8': 858, '19': 431, '15': 179, '17': 43, '13': 627, '2': 601, '14': 272, '4': 1212, '6': 198, '12': 0, '1': 243} {'enode://1@127.0.0.1:1234': -3, 'enode://2@127.0.0.1:1235': 0, 'enode://3@127.0.0.1:1236': 0, 'enode://4@127.0.0.1:1237': -5, 'enode://5@127.0.0.1:1238': -8, 'enode://6@127.0.0.1:1239': 0, 'enode://7@127.0.0.1:1240': 0, 'enode://8@127.0.0.1:1241': 0, 'enode://9@127.0.0.1:1242': -1, 'enode://10@127.0.0.1:1243': -4, 'enode://11@127.0.0.1:1244': -10, 'enode://12@127.0.0.1:1245': 0, 'enode://13@127.0.0.1:1246': 6, 'enode://14@127.0.0.1:1247': -6, 'enode://15@127.0.0.1:1248': -2, 'enode://16@127.0.0.1:1249': 0, 'enode://17@127.0.0.1:1250': 0, 'enode://18@127.0.0.1:1251': -9, 'enode://19@127.0.0.1:1252': 0, 'enode://20@127.0.0.1:1253': -7}
4 1786625060.311 11421 None {'18': 310, '0': 0, '10': 825, '20': 1614, '9': 234, '3': 366, '16': 629, '11': 313, '5': 636, '7': 1482, '8': 858, '19': 431, '15': 179, '17': 43, '13': 627, '2': 601, '14': 272, '4': 1212, '6': 198, '12': 0, '1': 243} {'enode://1@127.0.0.1:1234': -2, 'enode://2@127.0.0.1:1235': 0, 'enode://3@127.0.0.1:1236': 0, 'enode://4@127.0.0.1:1237': -4, 'enode://5@127.0.0.1:1238': -7, 'enode://6@127.0.0.1:1239': 0, 'enode://7@127.0.0.1:1240': 7, 'enode://8@127.0.0.1:1241': 0, 'enode://9@127.0.0.1:1242': 0, 'enode://10@127.0.0.1:1243': -3, 'enode://11@127.0.0.1:1244': -9, 'enode://12@127.0.0.1:1245': 0, 'enode://13@127.0.0.1:1246': -10, 'enode://14@127.0.0.1:1247': -5, 'enode://15@127.0.0.1:1248': -1, 'enode://16@127.0.0.1:1249': 0, 'enode://17@127.0.0.1:1250': 0, 'enode://18@127.0.0.1:1251': -8, 'enode://19@127.0.0.1:1252': 0, 'enode://20@127.0.0.1:1253': -6}
4 1786625060.311 11481 None {'18': 310, '0': 0, '10': 825, '20': 1614, '9': 234, '3': 366, '16': 629, '11': 313, '5': 636, '7': 1482, '8': 858, '19': 431, '15': 179, '17': 43, '13': 914, '2': 601, '14': 272, '4': 1212, '6': 198, '12': 0, '1': 243} {'enode://1@127.0.0.1:1234': -1, 'enode://2@127.0.0.1:1235': 0, 'enode://3@127.0.0.1:1236': 0, 'enode://4@127.0.0.1:1237': -3, 'enode://5@127.0.0.1:1238': -6, 'enode://6@127.0.0.1:1239': 0, 'enode://7@127.0.0.1:1240': -10, 'enode://8@127.0.0.1:1241': 0, 'enode://9@127.0.0.1:1242': 3, 'enode://10@127.0.0.1:1243': -2, 'enode://11@127.0.0.1:1244': -8, 'enode://12@127.0.0.1:1245': 0, 'enode://13@127.0.0.1:1246': -9, 'enode://14@127.0.0.1:1247': -4, 'enode://15@127.0.0.1:1248': 0, 'enode://16@127.0.0.1:1249': 0, 'enode://17@127.0.0.1:1250': 0, 'enode://18@127.0.0.1:1251': -7, 'enode://19@127.0.0.1:1252': 0, 'enode://20@127.0.0.1:1253': -5}
4 1786625060.311 11720 None {'18': 310, '0': 0, '10': 825, '20': 1614, '9': 234, '3': 366, '16': 629, '11': 313, '5': 636, '7': 1541, '8': 858, '19': 431, '15': 179, '17': 43, '13': 914, '2': 601, '14': 272, '4': 1212, '6': 198, '12': 0, '1': 243} {'enode://1@127.0.0.1:1234': 0, 'enode://2@127.0.0.1:1235': 0, 'enode://3@127.0.0.1:1236': 0, 'enode://4@127.0.0.1:1237': -2, 'enode://5@127.0.0.1:1238': -5, 'enode://6@127.0.0.1:1239': 0, 'enode://7@127.0.0.1:1240': -9, 'enode://8@127.0.0.1:1241': -10, 'enode://9@127.0.0.1:1242': 3, 'enode://10@127.0.0.1:1243': -1, 'enode://11@127.0.0.1:1244': -7, 'enode://12@127.0.0.1:1245': 0, 'enode://13@127.0.0.1:1246': -8, 'enode://14@127.0.0.1:1247': -3, 'enode://15@127.0.0.1:1248': 4, 'enode://16@127.0.0.1:1249': 0, 'enode://17@127.0.0.1:1250': 0, 'enode://18@127.0.0.1:1251': -6, 'enode://19@127.0.0.1:1252': 0, 'enode://20@127.0.0.1:1253': -4}
4 1786625060.311 11937 None {'18': 310, '0': 0, '10': 825, '20': 1614, '9': 234, '3': 366, '16': 629, '11': 313, '5': 636, '7': 1541, '8': 1096, '19': 431, '15': 179, '17': 43, '13': 914, '2': 601, '14': 272, '4': 1212, '6': 198, '12': 0, '1': 243} {'enode://1@127.0.0.1:1234': 6, 'enode://2@127.0.0.1:1235': 0, 'enode://3@127.0.0.1:1236': 0, 'enode://4@127.0.0.1:1237': -1, 'enode://5@127.0.0.1:1238': -4, 'enode://6@127.0.0.1:1239': 0, 'enode://7@127.0.0.1:1240': -8, 'enode://8@127.0.0.1:1241': -9, 'enode://9@127.0.0.1:1242': 0, 'enode://10@127.0.0.1:1243': 0, 'enode://11@127.0.0.1:1244': -6, 'enode://12@127.0.0.1:1245': 0, 'enode://13@127.0.0.1:1246': -7, 'enode://14@127.0.0.1:1247': -2, 'enode://15@127.0.0.1:1248': -10, 'enode://16@127.0.0.1:1249': 0, 'enode://17@127.0.0.1:1250': 0, 'enode://18@127.0.0.1:1251': -5, 'enode://19@127.0.0.1:1252': 0, 'enode://20@127.0.0.1:1253': -3}
4 1786625060.311 11953 None {'18': 310, '0': 0, '10': 825, '20': 1614, '9': 234, '3': 366, '16': 629, '11': 313, '5': 636, '7': 1541, '8': 1096, '19': 431, '15': 395, '17': 43, '13': 914, '2': 601, '14': 272, '4': 1212, '6': 198, '12': 0, '1': 243} {'enode://1@127.0.0.1:1234': -10, 'enode://2@127.0.0.1:1235': 0, 'enode://3@127.0.0.1:1236': 0, 'enode://4@127.0.0.1:1237': 0, 'enode://5@127.0.0.1:1238': -3, 'enode://6@127.0.0.1:1239': 0, 'enode://7@127.0.0.1:1240': -7, 'enode://8@127.0.0.1:1241': -8, 'enode://9@127.0.0.1:1242': 0, 'enode://10@127.0.0.1:1243': 7, 'enode://11@127.0.0.1:1244': -5, 'enode://12@127.0.0.1:1245': 0, 'enode://13@127.0.0.1:1246': -6, 'enode://14@127.0.0.1:1247': -1, 'enode://15@127.0.0.1:1248': -9, 'enode://16@127.0.0.1:1249': 0, 'enode://17@127.0.0.1:1250': 0, 'enode://18@127.0.0.1:1251': -4, 'enode://19@127.0.0.1:1252': 0, 'enode://20@127.0.0.1:1253': -2}
4 1786625060.311 12125 None {'18': 310, '0': 0, '10': 825, '20': 1614, '9': 234, '3': 366, '16': 629, '11': 313, '5': 636, '7': 1541, '8': 1096, '19': 431, '15': 395, '17': 43, '13': 914, '2': 601, '14': 272, '4': 1212, '6': 198, '12': 0, '1': 258} {'enode://1@127.0.0.1:1234': -9, 'enode://2@127.0.0.1:1235': 0, 'enode://3@127.0.0.1:1236': 0, 'enode://4@127.0.0.1:1237': 7, 'enode://5@127.0.0.1:1238': -2, 'enode://6@127.0.0.1:1239': 0, 'enode://7@127.0.0.1:1240': -6, 'enode://8@127.0.0.1:1241': -7, 'enode://9@127.0.0.1:1242': 0, 'enode://10@127.0.0.1:1243': -10, 'enode://11@127.0.0.1:1244': -4, 'enode://12@127.0.0.1:1245': 0, 'enode://13@127.0.0.1:1246': -5, 'enode://14@127.0.0.1:1247': 0, 'enode://15@127.0.0.1:1248': -8, 'enode://16@127.0.0.1:1249': 0, 'enode://17@127.0.0.1:1250': 0, 'enode://18@127.0.0.1:1251': -3, 'enode://19@127.0.0.1:1252': 0, 'enode://20@127.0.0.1:1253': -1}
4 1786625060.312 12623 None {'18': 310, '0': 0, '10': 996, '20': 1614, '9': 234, '3': 366, '16': 629, '11': 313, '5': 636, '7': 1541, '8': 1096, '19': 431, '15': 395, '17': 43, '13': 914, '2': 601, '14': 272, '4': 1212, '6': 198, '12': 0, '1': 258} {'enode://1@127.0.0.1:1234': -8, 'enode://2@127.0.0.1:1235': 1, 'enode://3@127.0.0.1:1236': -10, 'enode://4@127.0.0.1:1237': 7, 'enode://5@127.0.0.1:1238': -1, 'enode://6@127.0.0.1:1239': 0, 'enode://7@127.0.0.1:1240': -5, 'enode://8@127.0.0.1:1241': -6, 'enode://9@127.0.0.1:1242': 2, 'enode://10@127.0.0.1:1243': -9, 'enode://11@127.0.0.1:1244': -3, 'enode://12@127.0.0.1:1245': 0, 'enode://13@127.0.0.1:1246': -4, 'enode://14@127.0.0.1:1247': 8, 'enode://15@127.0.0.1:1248': -7, 'enode://16@127.0.0.1:1249': 0, 'enode://17@127.0.0.1:1250': 1, 'enode://18@127.0.0.1:1251': -2, 'enode://19@127.0.0.1:1252': 2, 'enode://20@127.0.0.1:1253': 0}
4 1786625060.312 12816 None {'18': 310, '0': 0, '10': 996, '20': 1614, '9': 234, '3': 863, '16': 629, '11': 313, '5': 636, '7': 1541, '8': 1096, '19': 431, '15': 395, '17': 43, '13': 914, '2': 601, '14': 272, '4': 1212, '6': 198, '12': 0, '1': 258} {'enode://1@127.0.0.1:1234': -7, 'enode://2@127.0.0.1:1235': 0, 'enode://3@127.0.0.1:1236': -9, 'enode://4@127.0.0.1:1237': 0, 'enode://5@127.0.0.1:1238': 0, 'enode://6@127.0.0.1:1239': 2, 'enode://7@127.0.0.1:1240': -4, 'enode://8@127.0.0.1:1241': -5, 'enode://9@127.0.0.1:1242': -10, 'enode://10@127.0.0.1:1243': -8, 'enode://11@127.0.0.1:1244': -2, 'enode://12@127.0.0.1:1245': 0, 'enode://13@127.0.0.1:1246': -3, 'enode://14@127.0.0.1:1247': 1, 'enode://15@127.0.0.1:1248': -6, 'enode://16@127.0.0.1:1249': 0, 'enode://17@127.0.0.1:1250': 4, 'enode://18@127.0.0.1:1251': -1, 'enode://19@127.0.0.1:1252': 0, 'enode://20@127.0.0.1:1253': 4}
4 1786625060.312 13054 None {'18': 310, '0': 0, '10': 996, '20': 1614, '9': 426, '3': 863, '16': 629, '11': 313, '5': 636, '7': 1541, '8': 1096, '19': 431, '15': 395, '17': 43, '13': 914, '2': 601, '14': 272, '4': 1212, '6': 198, '12': 0, '1': 258} {'enode://1@127.0.0.1:1234': -6, 'enode://2@127.0.0.1:1235': 5, 'enode://3@127.0.0.1:1236': -8, 'enode://4@127.0.0.1:1237': 0, 'enode://5@127.0.0.1:1238': 0, 'enode://6@127.0.0.1:1239': 5, 'enode://7@127.0.0.1:1240': -3, 'enode://8@127.0.0.1:1241': -4, 'enode://9@127.0.0.1:1242': -9, 'enode://10@127.0.0.1:1243': -7, 'enode://11@127.0.0.1:1244': -1, 'enode://12@127.0.0.1:1245': 0, 'enode://13@127.0.0.1:1246': -2, 'enode://14@127.0.0.1:1247': 2, 'enode://15@127.0.0.1:1248': -5, 'enode://16@127.0.0.1:1249': 0, 'enode://17@127.0.0.1:1250': -10, 'enode://18@127.0.0.1:1251': 0, 'enode://19@127.0.0.1:1252': 0, 'enode://20@127.0.0.1:1253': 3}
4 1786625060.312 13109 None {'18': 310, '0': 0, '10': 996, '20': 1614, '9': 426, '3': 863, '16': 629, '11': 313, '5': 636, '7': 1541, '8': 1096, '19': 431, '15': 395, '17': 280, '13': 914, '2': 601, '14': 272, '4': 1212, '6': 198, '12': 0, '1': 258} {'enode://1@127.0.0.1:1234': -5, 'enode://2@127.0.0.1:1235': 5, 'enode://3@127.0.0.1:1236': -7, 'enode://4@127.0.0.1:1237': 0, 'enode://5@127.0.0.1:1238': 0, 'enode://6@127.0.0.1:1239': -10, 'enode://7@127.0.0.1:1240': -2, 'enode://8@127.0.0.1:1241': -3, 'enode://9@127.0.0.1:1242': -8, 'enode://10@127.0.0.1:1243': -6, 'enode://11@127.0.0.1:1244': 0, 'enode://12@127.0.0.1:1245': 0, 'enode://13@127.0.0.1:1246': -1, 'enode://14@127.0.0.1:1247': 2, 'enode://15@127.0.0.1:1248': -4, 'enode://16@127.0.0.1:1249': 0, 'enode://17@127.0.0.1:1250': -9, 'enode://18@127.0.0.1:1251': 1, 'enode://19@127.0.0.1:1252': 0, 'enode://20@127.0.0.1:1253': 2}
4 1786625060.312 13143 None {'18': 310, '0': 0, '10': 996, '20': 1614, '9': 426, '3': 863, '16': 629, '11': 313, '5': 636, '7': 1541, '8': 1096, '19': 431, '15': 395, '17': 280, '13': 914, '2': 601, '14': 272, '4': 1212, '6': 252, '12': 0, '1': 258} {'enode://1@127.0.0.1:1234': -4, 'enode://2@127.0.0.1:1235': 2, 'enode://3@127.0.0.1:1236': -6, 'enode://4@127.0.0.1:1237': 0, 'enode://5@127.0.0.1:1238': 0, 'enode://6@127.0.0.1:1239': -9, 'enode://7@127.0.0.1:1240': -1, 'enode://8@127.0.0.1:1241': -2, 'enode://9@127.0.0.1:1242': -7, 'enode://10@127.0.0.1:1243': -5, 'enode://11@127.0.0.1:1244': 2, 'enode://12@127.0.0.1:1245': 0, 'enode://13@127.0.0.1:1246': 0, 'enode://14@127.0.0.1:1247': 0, 'enode://15@127.0.0.1:1248': -3, 'enode://16@127.0.0.1:1249': 0, 'enode://17@127.0.0.1:1250': -8, 'enode://18@127.0.0.1:1251': 2, 'enode://19@127.0.0.1:1252': 0, 'enode://20@127.0.0.1:1253': -10}
4 1786625060.312 13555 None {'18': 310, '0': 0, '10': 996, '20': 1647, '9': 426, '3': 863, '16': 629, '11': 313, '5': 636, '7': 1541, '8': 1096, '19': 431, '15': 395, '17': 280, '13': 914, '2': 601, '14': 272, '4': 1212, '6': 252, '12': 0, '1': 258} {'enode://1@127.0.0.1:1234': -3, 'enode://2@127.0.0.1:1235': 0, 'enode://3@127.0.0.1:1236': -5, 'enode://4@127.0.0.1:1237': -10, 'enode://5@127.0.0.1:1238': 0, 'enode://6@127.0.0.1:1239': -8, 'enode://7@127.0.0.1:1240': 0, 'enode://8@127.0.0.1:1241': -1, 'enode://9@127.0.0.1:1242': -6, 'enode://10@127.0.0.1:1243': -4, 'enode://11@127.0.0.1:1244': 0, 'enode://12@127.0.0.1:1245': 2, 'enode://13@127.0.0.1:1246': 5, 'enode://14@127.0.0.1:1247': 0, 'enode://15@127.0.0.1:1248': -2, 'enode://16@127.0.0.1:1249': 2, 'enode://17@127.0.0.1:1250': -7, 'enode://18@127.0.0.1:1251': 2, 'enode://19@127.0.0.1:1252': 0, 'enode://20@127.0.0.1:1253': -9}
